0.008471732722 0.3485627425 0.05158663447 0
0.008876364447 0.3474725916 0.04831017687 0.000782914114
0.009158277803 0.3454632704 0.04564858748 0.001531518508
0.009389579272 0.3431296368 0.04325830165 0.002326045259
0.009575079445 0.3405498014 0.04112952697 0.003127888532
0.009720334588 0.337785111 0.0392418073 0.003913163514
0.009830939323 0.3348825581 0.03756976805 0.004667855226
0.009912128917 0.3318775457 0.03608672871 0.005384378891
0.009968582311 0.3287964586 0.03476681551 0.006059403715
0.01000434717 0.3256588305 0.03358608984 0.006692606478
0.01002283504 0.3224790712 0.03252306456 0.007286004819
0.01002685466 0.319267797 0.03155885806 0.007843579328
0.01001866442 0.3160328321 0.03067714527 0.008370978001
0.01000003369 0.3127799511 0.02986400269 0.008875182335
0.009972307055 0.3095134252 0.02910770464 0.009364088588
0.009936468659 0.3062364198 0.0283985021 0.009846012407
0.00989320501 0.3029512844 0.02772840099 0.01032915988
0.009842965368 0.2996597631 0.02709094755 0.01082112325
0.009786019062 0.2963631487 0.02648102405 0.01132845906
0.009722509176 0.2930623958 0.02589465538 0.01185639522
0.009652502021 0.2897582056 0.02532882667 0.01240869419
0.009576031823 0.2864510896 0.02478131161 0.01298767694
0.009493140071 0.2831414196 0.02425051157 0.0135943889
0.009403909019 0.2798294659 0.02373530614 0.01422886906
0.009308488947 0.2765154286 0.02323491582 0.01489047051
0.009207118902 0.2731994609 0.02274877823 0.01557817874
0.009100140793 0.2698816888 0.02227643912 0.01629088403
0.008988006864 0.2665622245 0.02181745945 0.01702758438
0.008871280736 0.2632411768 0.0213713396 0.01778751958
0.008750632354 0.259918658 0.02093746155 0.01857025702
0.008626827302 0.2565947874 0.02051504926 0.01937575815
0.008500711108 0.2532696934 0.02010314697 0.02020444702
0.00837318921 0.2499435133 0.01970061457 0.02105728045
0.008245203395 0.2466163929 0.01930613867 0.0219357931
0.008117705567 0.243288485 0.01891825736 0.02284206953
0.007991629773 0.2399599477 0.01853539631 0.02377859334
0.007867863471 0.2366309425 0.01815591335 0.02474794464
0.007747219056 0.2333016325 0.01777814879 0.02575236011
0.007630406707 0.2299721802 0.01740047808 0.02679322147
0.007518009604 0.2266427446 0.0170213642 0.02787058227
0.007410462556 0.2233134781 0.01663940666 0.02898285985
0.007308035021 0.2199845231 0.01625338486 0.03012680073
0.007210819389 0.2166560071 0.01586229356 0.03129777189
0.007118725244 0.2133280393 0.01546536905 0.03249035239
0.007031480101 0.2100007061 0.01506210488 0.03369912037
0.006948636871 0.2066740674 0.01465225678 0.03491947373
0.006869587987 0.203348155 0.01423583701 0.03614830741
0.006793585803 0.2000229708 0.01381309858 0.03738440026
0.006719768576 0.196698488 0.01338451084 0.03862843364
0.006647191005 0.1933746533 0.01295072779 0.03988265014
0.006574858056 0.1900513909 0.01251255099 0.04115024146
0.006501760615 0.1867286077 0.01207088935 0.04243460677
0.006426911379 0.1834061989 0.01162671763 0.04373863596
0.006349379368 0.1800840544 0.01118103598 0.04506414788
0.006268321557 0.1767620644 0.01073483238 0.04641156279
0.006183010228 0.1734401245 0.01028904959 0.04777982994
0.006092854959 0.1701181394 0.009844558076 0.04916658156
0.005997418434 0.1667960253 0.009402135888 0.05056845356
0.005896425633 0.1634737111 0.008962455866 0.05198150359
0.005789766345 0.160151138 0.008526080429 0.05340166201
0.005677491263 0.1568282582 0.008093463509 0.05482516313
0.005559802297 0.1535050331 0.007664958911 0.05624891427
0.005437037936 0.1501814301 0.007240834045 0.05767076671
0.005309654723 0.1468574205 0.006821287726 0.05908965615
0.005178205966 0.1435329767 0.006406470631 0.06050558749
0.005043318859 0.1402080699 0.005996506946 0.06191945323
0.004905671071 0.1368826685 0.005591515849 0.06333269896
0.004765967787 0.1335567367 0.005191631648 0.06474688018
0.004624919973 0.1302302337 0.004797021663 0.06616318368
0.004483224454 0.1269031136 0.004407901254 0.06758200569
0.004341546157 0.1235753256 0.004024545771 0.06900267854
0.00420050271 0.1202468146 0.003647299554 0.07042341577
0.004060651359 0.1169175218 0.003276582459 0.07184150343
0.003922478055 0.1135873854 0.002912894692 0.07325371254
0.003786388435 0.1102563423 0.00255682097 0.074656855
0.003652700357 0.1069243279 0.002209035231 0.07604836641
0.003521637622 0.1035912778 0.001870307223 0.07742678372
0.003393324521 0.1002571274 0.001541512356 0.0787919989
0.00326778086 0.09692181322 0.001223646224 0.08014520966
0.003144917183 0.09358527257 0.0009178451933 0.08148854959
0.003024529957 0.09024744441 0.0006254144042 0.08282444903
0.002906296533 0.08690827018 0.0003478645166 0.08415484369
0.002789769764 0.08356769574 8.695852784e-05 0.0854803962
0.002674372152 0.08022567482 -0.0001552299996 0.08679991701
0.00255938942 0.07688217519 -0.0003762458974 0.08811015978
0.002443963349 0.07353718884 -0.0005731670513 0.0894061211
0.002327083606 0.07019074829 -0.0007425031597 0.09068190061
0.002207578163 0.06684295181 -0.0008800768638 0.09193208364
0.002084101704 0.06349400164 -0.0009808854143 0.09315350714
0.001955121207 0.06014426075 -0.001038940979 0.09434716251
0.001818897675 0.05679433597 -0.001047087763 0.09551983748
0.001673462951 0.05344519826 -0.0009967944304 0.09668474592
0.001516590611 0.050098355 -0.000877921127 0.09785946698
0.001345760496 0.04675609472 -0.0006784621359 0.09905755242
0.001158117464 0.04342183185 -0.0003842686111 0.1002679605
0.0009504269146 0.04010058866 2.123777684e-05 0.1014201797
0.0007190394226 0.03679975855 0.0005573225638 0.1024027778
0.0004622731068 0.03353042283 0.001243944866 0.1030126138
0.0002168529479 0.03029149697 0.002065225953 0.1032625996
3.609092949e-05 0.02707407187 0.002982812224 0.1029216378
-2.559118816e-05 0.0238688894 0.00395654015 0.1018933941
8.528381545e-05 0.02066992757 0.004942775233 0.1002470586
0.0004159814183 0.01747556899 0.00588760757 0.098022836
0.0009973928363 0.01428868604 0.006722784082 0.09517338571
0.001835683042 0.01111766836 0.007369375479 0.09162958582
0.002908600362 0.007976531874 0.00774725956 0.08729262195
0.00416817212 0.004884584547 0.007785190173 0.08207134407
0.005548797394 0.001867563759 0.007425030522 0.07588842863
0.006974167963 -0.001039461173 0.00662127283 0.06882458387
0.008359945747 -0.003789163236 0.005342862019 0.06174233215
0.0096182292 -0.006322106033 0.003583596167 0.0561245985
0.01069059582 -0.008580524171 0.00138426122 0.05229836175
0.01155561877 -0.01052154336 -0.001180301062 0.04996464713
0.01220144871 -0.01211801369 -0.004032063434 0.04892601948
0.01262477809 -0.01335836847 -0.007095745044 0.04900938343
0.01282929065 -0.01424432461 -0.01030235272 0.04999727063
0.01282394793 -0.01478817118 -0.01359145595 0.0516081042
0.01262132352 -0.01501003109 -0.01691233781 0.05353786323
0.01223611895 -0.01493535194 -0.02022423969 0.0555443587
0.0116839322 -0.01459277374 -0.02349594743 0.05752611091
0.01098030071 -0.01401243232 -0.0267049516 0.05954414493
0.0101400072 -0.01322469469 -0.02983637649 0.06176584863
0.009176617479 -0.012259284 -0.03288182502 0.06435690593
0.008102211539 -0.01114473348 -0.03583824167 0.06737496182
0.006927268179 -0.009908104119 -0.03870685709 0.07070216503
0.005660667064 -0.008574904432 -0.04149224823 0.07401034081
0.004308751255 -0.007168091155 -0.04420358514 0.0768743867
0.002904312138 -0.005677242367 -0.04684516388 0.07992431038
0.001526347571 -0.004024364678 -0.04940142481 0.08379749081
0.0002603567495 -0.00213314262 -0.05184545844 0.08701320052
-0.0007978927277 5.827607697e-05 -0.05412952632 0.08909151223
-0.001552638808 0.002589960288 -0.05616627859 0.08874614978
-0.001934655881 0.005458493077 -0.05782341046 0.08527449971
-0.001924383725 0.00859745985 -0.0589468797 0.07783239526
-0.001553578729 0.01187853975 -0.05939904561 0.06614236807
-0.0008926162286 0.01512855596 -0.05908560403 0.05088154643
-4.02689094e-05 0.01814657017 -0.0579683991 0.03267780241
0.0008846723598 0.02072066162 -0.05607455282 0.01288532452
0.001750941027 0.02265052275 -0.05350898686 -0.006795334354
0.002437491172 0.02378487662 -0.05045645922 -0.02325671331
0.002891714856 0.02407711087 -0.04716592914 -0.03501421135
0.003115706415 0.02357303328 -0.04387307225 -0.04273305351
0.003131590951 0.02236520062 -0.04075674841 -0.04687989449
0.002972417639 0.02056488174 -0.03794202145 -0.04795289726
0.002675673687 0.01828391941 -0.03551050064 -0.04651982073
0.002279382646 0.0156255053 -0.033513317 -0.04321306859
0.001820321898 0.01268161993 -0.03198298605 -0.03868240945
0.001333675114 0.009534769273 -0.0309425539 -0.03351466215
0.0008535072646 0.006262252561 -0.03041162551 -0.02815821958
0.000413587929 0.00294185537 -0.03040929722 -0.02289496579
4.817896445e-05 -0.0003417234425 -0.03095396477 -0.01788508819
-0.0002075946615 -0.003490348013 -0.03205972038 -0.01328097409
-0.0003182525089 -0.006386823224 -0.03372882452 -0.0093763214
-0.0002499215417 -0.008891963644 -0.03593982911 -0.006734849873
2.56391522e-05 -0.01084722562 -0.03863174839 -0.006235624658
0.0005246200923 -0.0120866128 -0.04168665822 -0.00897963099
0.001242378555 -0.01246075746 -0.04491413323 -0.0148666414
0.002114629983 -0.01190075711 -0.04807355776 -0.02133493738
0.003019308422 -0.01046360337 -0.05093506675 -0.02673953241
0.003834935745 -0.008283700844 -0.05331644685 -0.03088150204
0.004454479375 -0.005537094121 -0.05509850136 -0.0336571376
0.004790697343 -0.00241642849 -0.05622322924 -0.03567847388
0.004780447449 0.0008867859038 -0.05669061446 -0.03746452359
0.004391574581 0.004199088211 -0.0565554835 -0.0385715189
0.003636690652 0.007389037364 -0.05591888264 -0.03905711302
0.002576878236 0.0103891897 -0.05490042983 -0.03839131181
0.001304520337 0.01319532494 -0.05360503173 -0.03714721451
-8.193555316e-05 0.01584537434 -0.05210873911 -0.03615788047
-0.001494277733 0.0183991872 -0.05047450501 -0.03499623619
-0.002852150912 0.02091932232 -0.04875324332 -0.03325390465
-0.004132608232 0.02341826144 -0.04694729073 -0.03144195331
-0.005332645688 0.02588437199 -0.04504383234 -0.02966718041
-0.006447439895 0.02830338566 -0.04303147267 -0.02799780299
-0.007470948303 0.03065937314 -0.0408996689 -0.02648735885
-0.008395839093 0.03293445474 -0.03863912655 -0.0251625283
-0.009213450507 0.03510853316 -0.03624230213 -0.02401178918
-0.009913796738 0.03715906743 -0.03370402779 -0.02299211608
-0.01048564205 0.03906091718 -0.03102227068 -0.02206008097
-0.01091666955 0.04078629774 -0.0281990341 -0.02121542875
-0.01119377561 0.04230490001 -0.02524139622 -0.02053628375
-0.0113035238 0.04358424259 -0.02216266339 -0.02018882739
-0.01123279212 0.04459033467 -0.01898358665 -0.02040709546
-0.01096964121 0.04528873282 -0.01573355115 -0.02145218353
-0.01050441614 0.04564606624 -0.01245160005 -0.02356658698
-0.009831067431 0.04563207683 -0.009187101836 -0.02693665021
-0.00894863593 0.04522216423 -0.005999823192 -0.03166880928
-0.007862792363 0.04440033894 -0.002959145437 -0.03778026462
-0.006587261784 0.0431623716 -0.0001421810014 -0.04520569262
-0.00514490857 0.04151879824 0.002369370023 -0.0538262516
-0.003568227855 0.03949733068 0.004493623708 -0.06352412328
-0.001898477584 0.03714342272 0.006154473703 -0.07390294623
-0.0001933494368 0.03451942425 0.007302022769 -0.08355710414
0.001465042037 0.0316975766 0.007945191822 -0.09151247023
0.002998302381 0.02873935196 0.008130038003 -0.09794012385
0.004340745116 0.02569051496 0.007917496752 -0.1032178097
0.005438963439 0.0225837892 0.007376561603 -0.1076007277
0.006254095254 0.01944232498 0.006583052592 -0.1112496329
0.006767560852 0.01628246536 0.005618698525 -0.1142397594
0.006986360294 0.01311388416 0.004566328739 -0.1166231177
0.006943693413 0.00993973313 0.003501067944 -0.1184118892
0.006694017182 0.006758135606 0.002481326939 -0.1195901711
0.006302573075 0.003563640553 0.001546649176 -0.1202053937
0.005835369501 0.000347815172 0.0007254807704 -0.1204016674
0.005356179537 -0.002898564982 4.249584976e-05 -0.1200968529
0.004922484105 -0.006180761478 -0.0004837917211 -0.1194391701
0.004544539075 -0.009490088531 -0.0008658140924 -0.1186042924
0.004214193031 -0.01281656032 -0.001124634584 -0.1177416293
0.003924322842 -0.01615341747 -0.001278469552 -0.1169083031
0.00366879368 -0.01949608029 -0.001342916897 -0.1161113152
0.003442368238 -0.02284149588 -0.001331243602 -0.1153369049
0.003240603904 -0.02618767003 -0.001254672524 -0.1145658932
0.003059749038 -0.02953333421 -0.001122650349 -0.1137807481
0.002896644425 -0.0328777102 -0.0009430893709 -0.1129686517
0.002748632973 -0.03622034492 -0.0007225817208 -0.1121225059
0.002613479078 -0.03956099551 -0.0004665878024 -0.1112406693
0.002489298114 -0.04289955019 -0.0001796020658 -0.1103258887
0.002374496012 -0.04623597479 0.000134700361 -0.1093838191
0.002267718549 -0.0495702774 0.0004733328983 -0.1084214837
0.002167809798 -0.05290248615 0.0008338798712 -0.1074459304
0.002073778982 -0.05623263608 0.001214389999 -0.1064632415
0.001984774858 -0.05956076265 0.001613279793 -0.1054779482
0.001900066615 -0.06288689967 0.002029246343 -0.1044928343
0.001819030201 -0.06621108039 0.002461189575 -0.1035090644
0.001741138925 -0.06953334024 0.002908144458 -0.1025265436
0.001665957213 -0.07285372066 0.003369223827 -0.1015444072
0.001593136441 -0.07617227291 0.003843572463 -0.1005615252
0.00152241188 -0.07948906151 0.004330332844 -0.09957692111
0.001453599956 -0.08280416661 0.004828622547 -0.09859001988
0.001386595167 -0.08611768515 0.005337522791 -0.09760067818
0.001321366207 -0.08942973052 0.005856077051 -0.09660899758
0.001257951 -0.09274043085 0.006383298121 -0.0956149695
0.001196450501 -0.096049926 0.006918181579 -0.09461804221
0.00113702122 -0.09935836369 0.007459723308 -0.0936167227
0.001079866535 -0.1026658951 0.008006938615 -0.09260832671
0.00102522689 -0.1059726704 0.008558880559 -0.09158896654
0.0009733690126 -0.1092788349 0.009114655418 -0.09055382469
0.0009245743055 -0.1125845257 0.009673433616 -0.08949770631
0.0008791265549 -0.1158898696 0.01023445506 -0.08841580533
0.0008372991385 -0.1191949824 0.01079702845 -0.08730456562
0.0007993419116 -0.122499969 0.01136052485 -0.08616248017
0.0007654680017 -0.125804925 0.01192436631 -0.08499065786
0.0007358407824 -0.1291099386 0.01248801103 -0.08379300654
0.0007105613612 -0.1324150936 0.01305093682 -0.0825759359
0.0006896569795 -0.1357204721 0.01361262477 -0.08134757106
0.000673070784 -0.1390261569 0.01417254523 -0.08011657174
0.0006606534793 -0.1423322334 0.01473014778 -0.07889075151
0.0006521573975 -0.1456387904 0.01528485677 -0.07767575938
0.0006472335191 -0.1489459197 0.01583607332 -0.07647409849
0.0006454319369 -0.1522537149 0.01638318415 -0.07528470316
0.0006462061761 -0.1555622683 0.01692557709 -0.07410318218
0.0006489216546 -0.1588716672 0.01746266231 -0.07292268762
0.000652868407 -0.1621819898 0.01799389802 -0.07173522344
0.0006572779918 -0.1654932998 0.01851881875 -0.07053310636
0.0006613442762 -0.1688056426 0.0190370641 -0.0693102628
0.0006642475546 -0.1721190405 0.01954840589 -0.06806309926
0.000665181217 -0.1754334898 0.02005277139 -0.0667908031
0.0006633799674 -0.178748959 0.02055026088 -0.06549508187
0.0006581484049 -0.1820653886 0.02104115791 -0.06417948575
0.0006488886554 -0.1853826916 0.0215259313 -0.06284854227
0.0006351256754 -0.1887007563 0.02200522831 -0.06150694284
0.0006165288662 -0.1920194499 0.02247985944 -0.06015896049
0.0005929287398 -0.1953386228 0.02295077533 -0.05880817348
0.0005643275571 -0.1986581139 0.02341903734 -0.05745745715
0.0005309031297 -0.2019777555 0.02388578374 -0.05610912561
0.0004930053018 -0.2052973786 0.02435219351 -0.05476507734
0.00045114501 -0.2086168175 0.02481945051 -0.05342683057
0.0004059762247 -0.2119359131 0.02528871044 -0.05209540654
0.000358271484 -0.215254516 0.02576107319 -0.05077110271
0.0003088921096 -0.2185724876 0.02623756302 -0.04945326126
0.0002587545245 -0.2218896998 0.0267191186 -0.04814015867
0.0002087943406 -0.2252060337 0.02720659471 -0.04682911304
0.0001599300402 -0.2285213755 0.02770077686 -0.04551683851
0.0001130281187 -0.231835611 0.02820240975 -0.04419999377
6.8871485e-05 -0.2351486181 0.02871223987 -0.04287580147
2.813273663e-05 -0.2384602563 0.02923107234 -0.04154257975
-8.646360708e-06 -0.2417703543 0.02975984139 -0.04020003551
-4.106821762e-05 -0.245078694 0.030299694 -0.03884921938
-6.888504076e-05 -0.2483849909 0.03085208563 -0.03749211904
-9.199662259e-05 -0.2516888698 0.03141888723 -0.03613095095
-0.000110440637 -0.2549898345 0.03200250251 -0.03476727933
-0.0001243761821 -0.258287229 0.0326059948 -0.03340113198
-0.0001340616544 -0.261580188 0.03323322298 -0.03203028614
-0.0001398283002 -0.2648675712 0.0338889863 -0.03064986681
-0.0001420509517 -0.2681478769 0.03457917815 -0.02925234067
-0.0001411175176 -0.2714191255 0.03531094899 -0.02782791474
-0.0001373987599 -0.274678703 0.03609287812 -0.02636527353
-0.0001312197718 -0.2779231486 0.03693515318 -0.02485252762
-0.0001228343905 -0.2811478688 0.03784975352 -0.02327821458
-0.0001124035834 -0.2843467489 0.03885062899 -0.0216321998
-9.997866887e-05 -0.2875116327 0.03995385778 -0.01990637678
-8.549014214e-05 -0.2906316254 0.04117775265 -0.01809516108
-6.874294432e-05 -0.2936921708 0.04254286319 -0.01619590287
-4.941933328e-05 -0.296673848 0.04407178674 -0.01420949655
-2.709119917e-05 -0.2995508337 0.0457886484 -0.01214162551
-1.244837389e-06 -0.3022890053 0.04771803609 -0.01000522434
2.867708258e-05 -0.304843722 0.04988307739 -0.007824823301
6.320943089e-05 -0.3071574714 0.05230223145 -0.005643355327
0.0001027654085 -0.3091578314 0.05498427667 -0.003531521009
0.000147494735 -0.3107566492 0.05792099438 -0.001598489771
0.0001970940007 -0.3118519582 0.06107735517 0
0.0002520368578 -0.312348002 0.06446996077 0
