0.008471732722 0.3485627425 0.05158663447 0
0.008876364447 0.3474725916 0.04831017687 0.001525180732
0.009174245835 0.3455361752 0.0455888887 0.003026310633
0.009427051891 0.3432904835 0.04310841811 0.004499901283
0.00963717792 0.3408015819 0.04086495033 0.005947079745
0.009807851389 0.3381230953 0.03884561946 0.007372057689
0.009942607852 0.3352976104 0.03703275207 0.008780737626
0.01004497401 0.3323584524 0.03540670038 0.01017965419
0.01011829511 0.3293314492 0.03394762188 0.01157517682
0.01016565651 0.3262365012 0.03263652063 0.01297290714
0.01018986296 0.323088895 0.03145579553 0.01437722969
0.01019345056 0.3199003631 0.03038947329 0.01579100217
0.01017871508 0.3166799168 0.02942324888 0.01721538722
0.01014774626 0.3134344915 0.02854441513 0.01864983147
0.01010246183 0.3101694409 0.02774173471 0.0200921914
0.01004463777 0.306888913 0.02700528774 0.02153899459
0.009975932938 0.3035961351 0.0263263156 0.02298581124
0.00989790742 0.3002936302 0.02569707268 0.02442769726
0.009812034608 0.2969833798 0.02511069255 0.02585966154
0.009719707494 0.2936669486 0.02456107132 0.02727710623
0.00962223994 0.2903455792 0.02404276886 0.02867619301
0.009520863865 0.2870202637 0.02355092711 0.03005409808
0.00941672335 0.2836918 0.02308120395 0.03140913571
0.009310866732 0.2803608336 0.02262972048 0.03274074907
0.009204237719 0.277027891 0.02219301971 0.03404938684
0.0090976665 0.2736934044 0.02176803412 0.03533629974
0.008991861752 0.2703577316 0.0213520602 0.03660330027
0.008887404326 0.2670211698 0.02094273769 0.0378525292
0.008784743243 0.2636839669 0.02053803201 0.03908626384
0.008684194488 0.2603463295 0.02013621822 0.04030678746
0.008585942901 0.2570084284 0.0197358654 0.0415163204
0.008490047296 0.2536704032 0.01933582053 0.0427169953
0.008396448758 0.2503323651 0.01893519134 0.0439108468
0.008304981897 0.2469943994 0.01853332775 0.04509978263
0.008215388678 0.2436565672 0.01812980189 0.04628551037
0.008127334343 0.2403189075 0.01772438682 0.04746940967
0.008040424806 0.236981439 0.01731703427 0.04865236141
0.007954224864 0.233644162 0.01690785177 0.04983456558
0.007868276525 0.2303070605 0.01649707975 0.05101539504
0.007782116776 0.2269701046 0.016085069 0.0521933361
0.007695294133 0.223633253 0.01567225894 0.05336605797
0.007607383418 0.2202964549 0.01525915729 0.05453063197
0.007517998307 0.2169596529 0.01484632127 0.05568389152
0.007426801287 0.2136227848 0.0144343406 0.05682289261
0.007333510839 0.2102857854 0.01402382253 0.05794540766
0.007237905786 0.2069485888 0.01361537878 0.05905037085
0.007139826865 0.2036111297 0.01320961438 0.06013819394
0.007039175749 0.2002733446 0.01280711827 0.06121088857
0.00693591182 0.1969351728 0.01240845537 0.06227196196
0.006830047104 0.193596558 0.01201415999 0.06332609079
0.006721639826 0.1902574482 0.0116247303 0.06437861625
0.006610787077 0.1869177972 0.01124062357 0.06543493401
0.006497617094 0.1835775646 0.0108622522 0.06649986955
0.006382281619 0.1802367164 0.01048998024 0.0675771308
0.006264948753 0.1768952253 0.01012412041 0.06866891526
0.00614579665 0.173553071 0.009764931835 0.06977572193
0.006025008307 0.17021024 0.009412618267 0.07089638513
0.005902767609 0.1668667256 0.009067327301 0.07202831358
0.005779256689 0.1635225274 0.008729150537 0.07316788987
0.005654654555 0.160177651 0.008398125035 0.0743109666
0.005529136865 0.1568321072 0.008074236234 0.07545338789
0.005402876634 0.1534859109 0.007757422524 0.07659146878
0.00527604561 0.1501390805 0.007447581613 0.07772237772
0.005148816015 0.1467916367 0.007144578751 0.0788443862
0.005021362321 0.1434436009 0.006848256806 0.07995697048
0.004893862727 0.1400949945 0.006558448107 0.0810607709
0.004766500059 0.1367458375 0.006274987874 0.08215743028
0.00463946179 0.1333961474 0.005997729017 0.0832493443
0.004512938998 0.1300459378 0.005726558031 0.08433936178
0.004387124099 0.1266952182 0.005461411672 0.08543047226
0.004262207281 0.1233439925 0.005202294158 0.08652551369
0.00413837164 0.1199922585 0.004949294635 0.08762692511
0.004015787081 0.1166400079 0.004702604744 0.08873656077
0.003894603133 0.1132872256 0.00446253626 0.08985557385
0.00377494085 0.1099338902 0.004229538861 0.09098437088
0.003656884045 0.1065799741 0.004004218293 0.09212263297
0.003540470094 0.103225444 0.00378735535 0.09326939642
0.003425680565 0.09987026301 0.003579926298 0.0944231828
0.003312431901 0.09651439146 0.003383125549 0.09558216675
0.003200566339 0.0931577903 0.003198391601 0.09674436794
0.00308984318 0.08980042466 0.003027437427 0.09790785174
0.002979930441 0.08644226938 0.00287228671 0.09907092144
0.002870396837 0.0830833167 0.002735317428 0.1002322841
0.002760703899 0.07972358717 0.0026193145 0.1013911737
0.00265019797 0.07636314503 0.002527533287 0.1025474172
0.002538101675 0.07300211983 0.002463775879 0.1037014408
0.00242350442 0.06964073694 0.002432482176 0.1048542171
0.002305351373 0.06627936027 0.002438837776 0.1060071737
0.002182430404 0.06291855213 0.002488900647 0.1071620763
0.002053356482 0.05955915678 0.002589748295 0.1083208725
0.001916553174 0.05620241666 0.002749646641 0.109485344
0.001770231152 0.05285013349 0.002978240723 0.1106560819
0.001612364086 0.04950489075 0.003286765435 0.1118296576
0.001440663032 0.04617035925 0.003688271082 0.1129920779
0.001252551669 0.04285171471 0.004197852709 0.1141068556
0.001045146574 0.03955620394 0.004832862544 0.1150903629
0.0008153624743 0.0362955064 0.00561268643 0.1158601431
0.0005718222686 0.03307984095 0.00654636384 0.1164208101
0.0003585323068 0.02990003365 0.007603227535 0.1165787479
0.0002270023636 0.02674452761 0.008743268991 0.1162304079
0.0002300627191 0.02360228936 0.009926230999 0.1154071312
0.0004206767459 0.02046600663 0.01110835523 0.114192891
0.0008457502254 0.01733497286 0.01223614297 0.1125657861
0.001536469568 0.0142131355 0.01324249894 0.1104197085
0.002500404834 0.01110958789 0.01404933977 0.1077533474
0.003717865743 0.008039203323 0.01457658011 0.1046084497
0.005143741819 0.005022109914 0.01475280452 0.1009646366
0.006713933047 0.00208384187 0.01452160842 0.09676626419
0.008352428048 -0.0007434398213 0.01384197504 0.09192908042
0.009974443439 -0.003419699046 0.0126873437 0.08644303253
0.01148727552 -0.005896237322 0.01104853659 0.08077737284
0.01279466981 -0.008116863376 0.008942347161 0.0761475076
0.01382838098 -0.01003108223 0.006425862439 0.07340617711
0.014566583 -0.01160509655 0.003587868365 0.07253700637
0.01500570032 -0.01282231351 0.000519383171 0.07328105577
0.01515336682 -0.01368278908 -0.002696305826 0.07529011615
0.0150254795 -0.01419982341 -0.005987377585 0.07816862106
0.01464325842 -0.01439622868 -0.009295098478 0.08153475745
0.01403070914 -0.01430092411 -0.01257397492 0.08508435536
0.0132126224 -0.01394611497 -0.01579089751 0.08863372836
0.01221312686 -0.01336514401 -0.01892370031 0.09212181242
0.01105473747 -0.01259098921 -0.02195947051 0.09556671719
0.009757808487 -0.01165531956 -0.02489284217 0.0989900624
0.008340293875 -0.01058799633 -0.02772441655 0.1023329624
0.006817727702 -0.009416909311 -0.03045938108 0.1053817382
0.005203257832 -0.008167976513 -0.03310650771 0.1077278528
0.003505123583 -0.006860432792 -0.03568520786 0.1099629802
0.001800237216 -0.005443663516 -0.03820472529 0.112594621
0.0001861326038 -0.003834334139 -0.0406642927 0.115167431
-0.001231098998 -0.001954044371 -0.04304681866 0.1169470613
-0.002339765641 0.0002614737122 -0.04529520501 0.1174268714
-0.003044190518 0.002842614959 -0.04729761299 0.116128748
-0.003289699632 0.005760018591 -0.04890280247 0.1125742735
-0.003072624396 0.008918648635 -0.04995623488 0.1064234609
-0.002436680407 0.01217057938 -0.05033045755 0.09758232082
-0.001463458192 0.01533416449 -0.04994354607 0.08619115626
-0.0002656606196 0.01821002722 -0.04876910954 0.07279499424
0.001020435616 0.02059825975 -0.04684411055 0.05828586679
0.002242917483 0.02231795304 -0.04427639234 0.0442435892
0.003248940569 0.02323455845 -0.0412430092 0.03351399718
0.003936050874 0.02330518293 -0.03797958839 0.02789309269
0.004290922525 0.02259141351 -0.03473150085 0.02672829541
0.004341401788 0.02120321252 -0.0316810486 0.02880168304
0.004132894369 0.01926338838 -0.0289484484 0.03302546042
0.003717560269 0.01688833078 -0.0266056554 0.03855197164
0.003147940778 0.0141795053 -0.02469259143 0.04478806368
0.002474193142 0.01122230037 -0.0232312118 0.05135268769
0.001743708121 0.008089138218 -0.02223592389 0.05800138629
0.001002080511 0.004844828418 -0.02172031904 0.06453374334
0.0002947034743 0.00155311623 -0.02170056989 0.07069855642
-0.0003315463975 -0.00171603432 -0.02219564924 0.07611136692
-0.0008270455476 -0.004878747977 -0.0232240775 0.08019715624
-0.001139256093 -0.007829834868 -0.02479644902 0.08216910976
-0.001214627688 -0.01043733988 -0.02690283629 0.08105678668
-0.001003808674 -0.01254224642 -0.02949485152 0.07580682196
-0.0004712141251 -0.01396824416 -0.03246456757 0.06582212577
0.0003835720576 -0.01454970036 -0.03562509026 0.05232273936
0.001475794957 -0.01421032772 -0.03874434373 0.03745878934
0.002664643971 -0.01298150562 -0.04159549158 0.02269307162
0.003803398672 -0.01097131204 -0.04399029511 0.00910137838
0.004756938086 -0.008339994183 -0.04579605697 -0.00252687026
0.005411006024 -0.00527789086 -0.04693978693 -0.01168833158
0.005679922 -0.001985041022 -0.04740878556 -0.01810989803
0.005512669184 0.001347395443 -0.04724838192 -0.02185658959
0.004903441334 0.004561762225 -0.04655582936 -0.02340105558
0.003896811622 0.007559844986 -0.04545832109 -0.0234043767
0.0025796794 0.01031497293 -0.04407829326 -0.02236260299
0.001058397774 0.01285885247 -0.04250843141 -0.02092314356
-0.0005623979793 0.01525791284 -0.0408096566 -0.01950067763
-0.002187470585 0.01759276714 -0.03902888492 -0.01788562768
-0.00373256019 0.01992754192 -0.03719776453 -0.01578960163
-0.005191519897 0.02226110937 -0.0352969029 -0.0135690624
-0.006556966729 0.02458111044 -0.03331216486 -0.01146038253
-0.007819850857 0.02687347072 -0.03123021914 -0.009627489108
-0.008969506641 0.02912228416 -0.02903859779 -0.008173155538
-0.009993516572 0.03130935013 -0.02672614152 -0.007141194316
-0.01087762536 0.03341370253 -0.02428361272 -0.006529762578
-0.0116057373 0.03541115811 -0.0217045144 -0.00632324388
-0.01216004347 0.03727392952 -0.01898615032 -0.006535701949
-0.01252133976 0.03897037364 -0.01613095044 -0.007249188927
-0.01266961121 0.0404649759 -0.01314806171 -0.008629583433
-0.01258496661 0.04171870423 -0.01005516093 -0.01091095732
-0.01224900548 0.04268989568 -0.00688037928 -0.01435205168
-0.01164667551 0.04333585178 -0.003664133978 -0.01917886412
-0.01076862221 0.0436152987 -0.0004605479584 -0.02553126679
-0.009613934885 0.04349179192 0.002661978277 -0.03342884096
-0.008193051675 0.04293799393 0.005621558756 -0.04276487488
-0.006530419621 0.04194052244 0.008325482729 -0.05333032985
-0.004666353957 0.04050478194 0.01067508395 -0.06486951962
-0.00265630536 0.03865785456 0.01257390455 -0.07679137438
-0.0005750470529 0.03645232678 0.0139525864 -0.08766160982
0.001479314869 0.03396450595 0.01480120188 -0.09673054511
0.003415843781 0.03126705407 0.01515196556 -0.1041177184
0.005160734636 0.02841908979 0.0150567697 -0.110056782
0.006654318239 0.02546701534 0.01457828579 -0.1147603867
0.007849520858 0.02244601854 0.01378627693 -0.1184147229
0.008714526893 0.0193814922 0.01275707579 -0.1212058097
0.009238124776 0.01629178647 0.01157226132 -0.1233016197
0.009433655227 0.01318873195 0.01031352883 -0.1248403315
0.009338768165 0.01007715683 0.009054086319 -0.1259469636
0.009010102293 0.006956771241 0.007849709464 -0.1266770143
0.008513845306 0.003823372604 0.006735928385 -0.1269769239
0.00791682056 0.0006688495407 0.005734531836 -0.1268737899
0.007284375588 -0.002517392366 0.004862298918 -0.1265128514
0.0066806793 -0.005745135045 0.004134507086 -0.1258924672
0.006150726132 -0.009014744423 0.00355519722 -0.1250455237
0.005690115347 -0.01231530128 0.003106017089 -0.1239997128
0.005289233086 -0.01563724816 0.002769326839 -0.1228149843
0.004939587109 -0.01897357097 0.002529713746 -0.1215282737
0.004633719795 -0.02231928697 0.002373785198 -0.1201620123
0.004365126942 -0.02567088758 0.002289965149 -0.1187313583
0.004128163351 -0.02902592782 0.002268281901 -0.1172483264
0.003917946649 -0.03238272599 0.00230016389 -0.1157235738
0.003730265687 -0.03574014511 0.002378251962 -0.1141669293
0.003561496721 -0.03909743449 0.002496231791 -0.1125873836
0.003408528592 -0.0424541154 0.002648687244 -0.1109929118
0.003268697094 -0.04580989863 0.002830973917 -0.109390295
0.003139728023 -0.04916462539 0.003039111245 -0.1077850143
0.003019688147 -0.05251822492 0.003269691187 -0.1061812365
0.002906943178 -0.05587068422 0.003519801356 -0.1045818846
0.002800121817 -0.05922202652 0.003786960473 -0.1029887693
0.002698084973 -0.06257229602 0.004069064154 -0.101402755
0.002599899309 -0.06592154719 0.004364339159 -0.09982393361
0.002504814352 -0.06926983736 0.004671304452 -0.0982517925
0.002412242469 -0.07261722166 0.004988737607 -0.09668537114
0.00232174109 -0.0759637497 0.005315645312 -0.09512340846
0.00223299664 -0.0793094636 0.005651236922 -0.09356448599
0.002145809722 -0.08265439682 0.005994900231 -0.09200716818
0.00206008117 -0.08599857382 0.006346178823 -0.09045013544
0.001975798685 -0.08934201014 0.006704750516 -0.08889229934
0.001893023836 -0.09268471287 0.007070406636 -0.08733288672
0.001811879318 -0.09602668145 0.007443031917 -0.08577148271
0.001732536404 -0.09936790862 0.007822585033 -0.08420803056
0.001655202644 -0.1027083816 0.00820907978 -0.08264279791
0.001580109878 -0.1060480834 0.008602567064 -0.08107632921
0.00150750273 -0.109386994 0.009003117834 -0.07950941011
0.001437627734 -0.1127250921 0.009410807183 -0.07794306653
0.001370723302 -0.1160623565 0.00982569977 -0.0763786099
0.001307010708 -0.1193987674 0.01024783676 -0.07481772103
0.001246686259 -0.1227343086 0.01067722437 -0.0732625448
0.001189914794 -0.1260689683 0.01111382422 -0.07171575087
0.001136824576 -0.1294027408 0.01155754534 -0.07018051034
0.001087503628 -0.1327356281 0.01200823807 -0.06866034704
0.001041997456 -0.1360676409 0.01246568966 -0.06715884641
0.001000308086 -0.1393987998 0.01292962158 -0.06567924048
0.0009623942561 -0.1427291356 0.01339968848 -0.0642239259
0.0009281725821 -0.1460586905 0.01387547868 -0.06279400279
0.0008975194687 -0.149387518 0.01435651618 -0.06138893693
0.0008702735476 -0.1527156826 0.01484226421 -0.06000643832
0.0008462384064 -0.1560432597 0.01533213011 -0.05864261613
0.0008251854119 -0.1593703346 0.01582547179 -0.05729241858
0.0008068564618 -0.1626970011 0.0163216056 -0.0559503068
0.0007909665552 -0.1660233602 0.01681981575 -0.05461105892
0.0007772061308 -0.1693495178 0.0173193653 -0.05327056639
0.0007652431902 -0.1726755825 0.01781950865 -0.05192647903
0.0007547252852 -0.176001663 0.01831950568 -0.05057857975
0.0007452815081 -0.1793278652 0.01881863728 -0.04922881995
0.0007365246694 -0.182654289 0.01931622228 -0.04788101115
0.0007280538784 -0.1859810251 0.01981163556 -0.04654023297
0.0007194577538 -0.1893081521 0.02030432708 -0.04521206822
0.000710318481 -0.1926357334 0.02079384145 -0.04390180168
0.000700216902 -0.1959638138 0.02127983776 -0.04261371742
0.0006887387717 -0.1992924176 0.02176210917 -0.04135060031
0.0006754822419 -0.202621546 0.02224060193 -0.04011350118
0.0006600665495 -0.2059511748 0.02271543321 -0.0389017718
0.0006421417915 -0.2092812535 0.02318690761 -0.03771332794
0.0006213995665 -0.2126117031 0.02365553192 -0.03654506503
0.0005975841686 -0.2159424158 0.02412202788 -0.03539333733
0.0005705039298 -0.219273253 0.02458734312 -0.03425441638
0.0005400422349 -0.2226040447 0.02505266021 -0.03312486537
0.0005061676805 -0.225934587 0.02551940427 -0.03200179466
0.000468942825 -0.2292646399 0.02598924977 -0.03088299309
0.0004285309771 -0.2325939231 0.02646412715 -0.02976695355
0.0003852005082 -0.2359221112 0.02694623043 -0.02865282576
0.0003393262352 -0.2392488253 0.02743802707 -0.02754033254
0.0002913875228 -0.2425736234 0.02794227142 -0.02642968126
0.0002419628721 -0.2458959857 0.02846202358 -0.02532149063
0.0001917209129 -0.2492152966 0.02900067538 -0.0242167392
0.0001414078777 -0.2525308198 0.02956198536 -0.02311672961
9.183181044e-05 -0.2558416666 0.03015012486 -0.02202305194
4.384393005e-05 -0.2591467538 0.03076973702 -0.02093752423
-1.682263448e-06 -0.2624447489 0.03142601064 -0.01986208635
-4.387341599e-05 -0.2657339992 0.03212477031 -0.01879862712
-8.18794438e-05 -0.2690124375 0.03287258408 -0.01774873199
-0.0001148964564 -0.2722774596 0.03367688873 -0.01671335102
-0.0001421885728 -0.2755257624 0.03454613164 -0.0156924027
-0.0001631077911 -0.2787531303 0.03548992608 -0.01468434831
-0.00017711122 -0.2819541543 0.03651921324 -0.01368579154
-0.0001837752376 -0.2851218615 0.03764641912 -0.01269117741
-0.0001828065069 -0.288247229 0.03888558609 -0.01169267965
-0.0001740502905 -0.2913185505 0.04025244631 -0.01068037623
-0.0001574971566 -0.294320618 0.04176438499 -0.00964281731
-0.0001332899847 -0.2972336836 0.04344021336 -0.008568090374
-0.0001017341195 -0.3000321698 0.04529963088 -0.007445485114
-6.331451092e-05 -0.3026831288 0.04736220213 -0.006267853997
-1.872450272e-05 -0.3051445076 0.04964560603 -0.005034740241
3.108887699e-05 -0.3073633917 0.0521628446 -0.003756268042
8.485954767e-05 -0.3092746038 0.05491805274 -0.002457588281
0.0001409175142 -0.3108003418 0.05790059245 -0.001183237884
0.0001970940007 -0.3118519582 0.06107735517 0
0.0002520368578 -0.312348002 0.06446996077 0
