8.471732722000000632e-03 3.485627425000000223e-01 5.158663446677741460e-02 0.000000000000000000e+00
8.876364447000000685e-03 3.474725915999999915e-01 4.831017686677741008e-02 -2.039852866000000167e-02
9.161050622000000559e-03 3.456484571999999811e-01 4.552330796677739322e-02 -3.866801606999999835e-02
9.354987115999999908e-03 3.432969542000000041e-01 4.315230286677740335e-02 -5.707140169000000235e-02
9.476602367999999166e-03 3.406025196999999949e-01 4.117180186677743547e-02 -7.637861624000000238e-02
9.543372434000000487e-03 3.376895160999999757e-01 3.952500196677743993e-02 -9.669155799999999690e-02
9.569697663999999354e-03 3.346379286999999758e-01 3.814955906677741648e-02 -1.178837449000000037e-01
9.566674568000000170e-03 3.314980794999999869e-01 3.698873156677739971e-02 -1.397670561000000089e-01
9.542558704000000253e-03 3.283014141000000219e-01 3.599492576677743028e-02 -1.621488533000000065e-01
9.503374252999999619e-03 3.250676391999999804e-01 3.512985186677741734e-02 -1.848421990999999931e-01
9.453468043999999418e-03 3.218092203999999845e-01 3.436340296677742323e-02 -2.076782325000000040e-01
9.395954596000000852e-03 3.185341517999999983e-01 3.367221586677743295e-02 -2.305152185999999881e-01
9.333054353999999803e-03 3.152476450000000208e-01 3.303830016677739012e-02 -2.532258762999999857e-01
9.266343790999999677e-03 3.119531595999999740e-01 3.244786646677744191e-02 -2.756771250999999756e-01
9.196937706000000295e-03 3.086530356000000141e-01 3.189037516677739603e-02 -2.977106265999999724e-01
9.125621053000000649e-03 3.053488846999999895e-01 3.135778436677744141e-02 -3.191170094999999929e-01
9.052943859000000398e-03 3.020418362000000245e-01 3.084396456677740428e-02 -3.395980011999999992e-01
8.979289353000000432e-03 2.987326934999999795e-01 3.034424696677739952e-02 -3.587155745000000229e-01
8.904922762000000436e-03 2.954220359999999990e-01 2.985507726677744111e-02 -3.758295853999999991e-01
8.830026184999999195e-03 2.921102862000000133e-01 2.937375026677740975e-02 -3.900276532999999990e-01
8.754723452000000641e-03 2.887977554000000224e-01 2.889820836677742255e-02 -4.001605125000000096e-01
8.679097796999999184e-03 2.854846743000000187e-01 2.842688656677744286e-02 -4.051008690999999828e-01
8.603204387999999897e-03 2.821712148000000142e-01 2.795859596677741088e-02 -4.040335997000000234e-01
8.527079155999999285e-03 2.788575060999999855e-01 2.749243376677740214e-02 -4.046825264999999727e-01
8.450745005999999934e-03 2.755436447999999872e-01 2.702771556677741049e-02 -4.125039550999999860e-01
8.374216141000000169e-03 2.722297036999999920e-01 2.656392326677742277e-02 -4.281469938999999947e-01
8.297501053999999446e-03 2.689157374999999739e-01 2.610066586677739497e-02 -4.516745556999999800e-01
8.220604576999999275e-03 2.656017874000000112e-01 2.563764886677744048e-02 -4.814833825000000012e-01
8.143529261999999866e-03 2.622878840999999794e-01 2.517465216677738926e-02 -5.147757582999999970e-01
8.066276291999999529e-03 2.589740503999999888e-01 2.471151156677742211e-02 -5.505327828999999618e-01
7.988846072000000548e-03 2.556603031999999942e-01 2.424810636677743325e-02 -5.890371530000000355e-01
7.911238596000000345e-03 2.523466549000000225e-01 2.378434856677741349e-02 -6.308279557000000537e-01
7.833453663999999719e-03 2.490331142999999969e-01 2.332017516677742375e-02 -6.776819893000000095e-01
7.755491007999999742e-03 2.457196875999999863e-01 2.285554276677742580e-02 -7.299529959999999651e-01
7.677350351999999781e-03 2.424063788999999969e-01 2.239042206677741009e-02 -7.839653734999999513e-01
7.599031451999999943e-03 2.390931909000000022e-01 2.192479536677741092e-02 -8.354478875999999943e-01
7.520534118000000122e-03 2.357801247999999905e-01 2.145865336677740820e-02 -8.843775956999999632e-01
7.441858247000000294e-03 2.324671812000000115e-01 2.099199346677740885e-02 -9.308446326000000548e-01
7.363003853999999966e-03 2.291543597000000043e-01 2.052481776677742009e-02 -9.750411838000000442e-01
7.283971131999999668e-03 2.258416597000000026e-01 2.005713246677742756e-02 -1.017070050999999919e+00
7.204760519999999814e-03 2.225290796999999932e-01 1.958894696677740410e-02 -1.057085142000000033e+00
7.125372783000000383e-03 2.192166184000000073e-01 1.912027266677740478e-02 -1.095308222000000109e+00
7.045809103000000122e-03 2.159042736000000018e-01 1.865112316677741688e-02 -1.131954737000000044e+00
6.966071164999999669e-03 2.125920434999999942e-01 1.818151326677741597e-02 -1.167181231000000041e+00
6.886161231000000396e-03 2.092799254999999914e-01 1.771145946677740723e-02 -1.201178523000000054e+00
6.806082187999999873e-03 2.059679172999999974e-01 1.724097906677740655e-02 -1.234055893000000070e+00
6.725837569999999592e-03 2.026560161000000027e-01 1.677009056677741805e-02 -1.266001997000000046e+00
6.645431519999999911e-03 1.993442190999999974e-01 1.629881346677741760e-02 -1.297097117999999938e+00
6.564868708000000386e-03 1.960325232000000029e-01 1.582716796677741122e-02 -1.327452717999999976e+00
6.484154181000000364e-03 1.927209255000000010e-01 1.535517536677741268e-02 -1.357094581999999994e+00
6.403293160999999796e-03 1.894094225000000076e-01 1.488285786677742695e-02 -1.386079711999999908e+00
6.322290779999999860e-03 1.860980107000000106e-01 1.441023866677740295e-02 -1.414430524999999994e+00
6.241151767999999871e-03 1.827866867999999867e-01 1.393734186677741960e-02 -1.442169789999999896e+00
6.159880123999999894e-03 1.794754467999999936e-01 1.346419246677740822e-02 -1.469323254999999939e+00
6.078478772999999953e-03 1.761642871000000110e-01 1.299081676677740771e-02 -1.495939029000000087e+00
5.996949258000000386e-03 1.728532034999999967e-01 1.251724196677742040e-02 -1.522063230999999961e+00
5.915291490999999811e-03 1.695421920999999887e-01 1.204349636677742863e-02 -1.547714706000000051e+00
5.833503591000000106e-03 1.662312485000000117e-01 1.156960946677740298e-02 -1.572950335999999893e+00
5.751581859000000005e-03 1.629203683999999874e-01 1.109561216677740214e-02 -1.597768555999999895e+00
5.669520903999999799e-03 1.596095472999999876e-01 1.062153646677740926e-02 -1.622234216000000062e+00
5.587313939999999715e-03 1.562987805000000119e-01 1.014741596677742885e-02 -1.646324514000000017e+00
5.504953253999999782e-03 1.529880628999999992e-01 9.673285766777423023e-03 -1.670043774000000036e+00
5.422430847000000304e-03 1.496773895000000076e-01 9.199183166777424869e-03 -1.693284242999999911e+00
5.339739189999999705e-03 1.463667546999999902e-01 8.725147466777410932e-03 -1.716010763999999966e+00
5.256872051000000337e-03 1.430561525000000056e-01 8.251221066777419955e-03 -1.738194586999999958e+00
5.173825313000000002e-03 1.397455763000000073e-01 7.777449666777402904e-03 -1.759942469999999926e+00
5.090597671000000012e-03 1.364350189000000102e-01 7.303883566777413794e-03 -1.781311298000000098e+00
5.007191083000000348e-03 1.331244721000000020e-01 6.830578666777414876e-03 -1.802453481999999996e+00
4.923610846999999791e-03 1.298139268000000068e-01 6.357598066777409018e-03 -1.823422354999999939e+00
4.839865147000000332e-03 1.265033721999999916e-01 5.885014366777407968e-03 -1.844352648999999955e+00
4.755963927000000403e-03 1.231927961000000016e-01 5.412911966777428363e-03 -1.865271341999999999e+00
4.671916960999999979e-03 1.198821838000000001e-01 4.941390366777403953e-03 -1.886289192000000003e+00
4.587731008999999804e-03 1.165715182000000016e-01 4.470568466777402605e-03 -1.907420852000000000e+00
4.503405989999999769e-03 1.132607791000000003e-01 4.000590066777415243e-03 -1.928693951000000073e+00
4.418930126000000097e-03 1.099499419999999950e-01 3.531629566777411133e-03 -1.950051551000000050e+00
4.334274110999999929e-03 1.066389774999999956e-01 3.063900966777416413e-03 -1.971476793999999977e+00
4.249384366000000419e-03 1.033278502000000015e-01 2.597667666777409012e-03 -1.992965778999999937e+00
4.164175544999999985e-03 1.000165172999999963e-01 2.133255466777422837e-03 -2.014537554999999980e+00
4.078522507999999928e-03 9.670492615999999597e-02 1.671068566777428321e-03 -2.036209745999999932e+00
3.992252001999999945e-03 9.339301302999999943e-02 1.211609766777421715e-03 -2.057957274000000059e+00
3.905134349000000116e-03 9.008069967000000011e-02 7.555064667774114007e-04 -2.079816039999999866e+00
3.816875407000000064e-03 8.676789029999999736e-02 3.035426667774288045e-04 -2.101780880999999823e+00
3.727108995000000171e-03 8.345446772999999541e-02 -1.433000332225764506e-04 -2.123942514999999975e+00
3.635389863000000176e-03 8.014028887999999351e-02 -5.837902332225808344e-04 -2.146325184000000164e+00
3.541187006999999866e-03 7.682517984999999439e-02 -1.016380733222577160e-03 -2.169050685999999839e+00
3.443876818999999992e-03 7.350893093999999461e-02 -1.439124633222571559e-03 -2.192157883000000140e+00
3.342735056000000100e-03 7.019129217000000254e-02 -1.849568733222589634e-03 -2.215764377000000174e+00
3.236926023000000121e-03 6.687197083000000208e-02 -2.244617233222584440e-03 -2.239891678000000219e+00
3.125486669000000165e-03 6.355063333999999564e-02 -2.620359233222596673e-03 -2.264593166000000046e+00
3.007302566999999795e-03 6.022691577000000018e-02 -2.971848233222579294e-03 -2.289884676999999868e+00
2.881072159999999941e-03 5.690045030000000226e-02 -3.292821333222589741e-03 -2.315711460000000166e+00
2.745255361000000123e-03 5.357091984000000168e-02 -3.575342733222575120e-03 -2.342017242999999915e+00
2.598002991999999803e-03 5.023816113000000028e-02 -3.809350633222574611e-03 -2.368661475000000127e+00
2.437065141999999844e-03 4.690235014000000008e-02 -3.982085233222576459e-03 -2.395508314999999833e+00
2.259680159999999816e-03 4.356432407000000034e-02 -4.077373833222597277e-03 -2.422330989000000212e+00
2.062452832999999916e-03 4.022612829999999695e-02 -4.074749833222590656e-03 -2.448922352999999941e+00
1.841242463999999976e-03 3.689192757999999739e-02 -3.948400533222595765e-03 -2.475071252000000221e+00
1.591123759000000063e-03 3.356978399999999835e-02 -3.666000333222591001e-03 -2.500412031000000201e+00
1.318936996000000077e-03 3.027176905999999848e-02 -3.199717933222573363e-03 -2.524590091999999952e+00
1.073171769999999893e-03 2.699562721000000123e-02 -2.589560233222570895e-03 -2.547159955999999781e+00
9.137096876999999898e-04 2.373072285000000017e-02 -1.896366433222579362e-03 -2.567309614000000018e+00
9.029617176999999925e-04 2.046762414999999877e-02 -1.178577833222588245e-03 -2.583906792000000063e+00
1.099818406999999911e-03 1.720253348000000057e-02 -5.027173332225742808e-04 -2.595646600999999887e+00
1.529050956999999976e-03 1.393704035999999979e-02 4.686886677740531582e-05 -2.602102758000000016e+00
2.178381792999999934e-03 1.067957253000000051e-02 3.790195667774109989e-04 -2.607277841999999790e+00
2.999285054000000190e-03 7.444850113000000234e-03 4.131541667774241144e-04 -2.630164306999999813e+00
3.921510244999999902e-03 4.255036680000000120e-03 8.128466677742585134e-05 -2.660780802000000111e+00
4.866699197000000018e-03 1.147139953000000023e-03 -6.799737332225941344e-04 -2.694207315999999963e+00
5.748229209000000131e-03 -1.816872299000000081e-03 -1.927278533222581691e-03 -2.728322395999999816e+00
6.516129808000000086e-03 -4.568728684000000068e-03 -3.645137333222581155e-03 -2.762007308999999911e+00
7.158396737999999683e-03 -7.061391729000000318e-03 -5.763922133222576516e-03 -2.794811704999999868e+00
7.668887511000000226e-03 -9.263883739999999312e-03 -8.214437833222593133e-03 -2.826643178999999950e+00
8.046329164999999409e-03 -1.115925836999999941e-02 -1.093159523322259630e-02 -2.857768402000000041e+00
8.293120629999999396e-03 -1.274157970999999917e-02 -1.385636003322257559e-02 -2.888815526000000133e+00
8.414280587000000367e-03 -1.401312453999999964e-02 -1.693665993322257535e-02 -2.920708272000000161e+00
8.416573876000000079e-03 -1.498197000000000070e-02 -2.012754953322257179e-02 -2.954510621999999920e+00
8.307817508000000031e-03 -1.566001981999999917e-02 -2.339089263322258194e-02 -2.991198515999999863e+00
8.096350283000000592e-03 -1.606145643999999997e-02 -2.669475973322257834e-02 -3.031402919000000029e+00
7.790642968000000002e-03 -1.620157168999999953e-02 -3.001268523322259130e-02 -3.075183914000000129e+00
7.399024686999999996e-03 -1.609591583999999895e-02 -3.332288333322258600e-02 -3.121896073999999910e+00
6.929502780999999625e-03 -1.575970385000000085e-02 -3.660748263322258222e-02 -3.170190325000000087e+00
6.389656131999999975e-03 -1.520742291999999975e-02 -3.985181793322259414e-02 -3.218168630000000086e+00
5.786584887999999920e-03 -1.445259400999999999e-02 -4.304379583322259784e-02 -3.263670192999999831e+00
5.126902311000000080e-03 -1.350764804000000041e-02 -4.617334193322258917e-02 -3.304631051999999958e+00
4.416756917999999782e-03 -1.238388579000000017e-02 -4.923192923322258774e-02 -3.339434929999999913e+00
3.661875239000000112e-03 -1.109149736999999990e-02 -5.221218113322259602e-02 -3.367171864999999986e+00
2.867617377000000051e-03 -9.639622724999999739e-03 -5.510754233322259776e-02 -3.387745101000000147e+00
2.039036185999999837e-03 -8.036433751000000847e-03 -5.791201843322257847e-02 -3.401727058000000081e+00
1.180991634000000011e-03 -6.287965266000000199e-03 -6.062094753322258556e-02 -3.405176635000000118e+00
3.609150246999999760e-04 -4.330106822999999980e-03 -6.319450923322258995e-02 -3.397913345000000085e+00
-3.502596512999999975e-04 -2.107290240999999849e-03 -6.557740633322259316e-02 -3.378318005000000124e+00
-8.762489855000000095e-04 4.169773744000000054e-04 -6.769189123322258417e-02 -3.346626574000000076e+00
-1.139054619999999929e-03 3.247575712000000132e-03 -6.943420363322258537e-02 -3.299471550999999891e+00
-1.105957922000000079e-03 6.345269532999999774e-03 -7.066521693322258546e-02 -3.229443815999999856e+00
-8.050916175999999706e-04 9.612835208999999728e-03 -7.124874313322257513e-02 -3.136442920999999995e+00
-3.059268330000000169e-04 1.290310268000000038e-02 -7.108212293322258013e-02 -3.026349181000000055e+00
3.041178347999999761e-04 1.602993420999999918e-02 -7.010841823322258581e-02 -2.924143019999999815e+00
9.229243027000000365e-04 1.878141573000000064e-02 -6.833628413322259676e-02 -2.898996802000000095e+00
1.453369760999999923e-03 2.095677708999999986e-02 -6.586958053322258810e-02 -3.009752869999999803e+00
1.845333049000000020e-03 2.241850123999999944e-02 -6.290064223322258674e-02 -3.291891731999999848e+00
2.084998183999999932e-03 2.310536381999999875e-02 -5.964784113322257886e-02 -3.748743849999999878e+00
2.172708958999999829e-03 2.301894726999999946e-02 -5.631622843322259264e-02 -4.340975971999999850e+00
2.119713697999999879e-03 2.220716319000000036e-02 -5.308244053322258571e-02 -4.973465340999999817e+00
1.944628826000000064e-03 2.074726382000000036e-02 -5.008895713322258914e-02 -5.544658787000000366e+00
1.670389864000000005e-03 1.873181252999999921e-02 -4.744535633322258250e-02 -6.009434763999999873e+00
1.322046034999999975e-03 1.625911450999999869e-02 -4.523345633322259363e-02 -6.364061150999999583e+00
9.254153288999999701e-04 1.342808766000000084e-02 -4.351371863322259226e-02 -6.622528988000000005e+00
5.064331076000000171e-04 1.033678830999999916e-02 -4.233111403322259436e-02 -6.797632087000000212e+00
9.095978501999999464e-05 7.083580960999999974e-03 -4.171937333322259245e-02 -6.891635694999999728e+00
-2.951959882999999926e-04 3.769964844999999874e-03 -4.170301103322257563e-02 -6.893314072999999986e+00
-6.262768579000000009e-04 5.041172038999999641e-04 -4.229675763322257587e-02 -6.779471269000000078e+00
-8.768390634000000107e-04 -2.595849921000000123e-03 -4.350217143322257507e-02 -6.521754979999999868e+00
-1.022524538999999930e-03 -5.400139653000000407e-03 -4.530139993322257475e-02 -6.106199415999999935e+00
-1.041576117999999966e-03 -7.768559902000000267e-03 -4.764848683322259193e-02 -5.560932712999999694e+00
-9.172452422999999603e-04 -9.556595641000000668e-03 -5.045944293322257579e-02 -4.977668301999999656e+00
-6.410260728999999996e-04 -1.062774688999999946e-02 -5.360352433322257415e-02 -4.467736559000000440e+00
-2.162676519999999914e-04 -1.087242073999999947e-02 -5.689948353322257790e-02 -4.081147710999999845e+00
3.386680755000000004e-04 -1.023138699000000068e-02 -6.012059633322258678e-02 -3.820169356000000072e+00
9.611699023999999928e-04 -8.741467414000000241e-03 -6.303364253322257804e-02 -3.676808767999999894e+00
1.547141093999999982e-03 -6.539007018999999817e-03 -6.546344553322258619e-02 -3.608453277999999820e+00
2.001865064999999982e-03 -3.797350312000000172e-03 -6.730187173322257910e-02 -3.535545797999999795e+00
2.245651741000000059e-03 -6.992664941999999703e-04 -6.850620373322258150e-02 -3.427561820000000203e+00
2.216278639999999956e-03 2.582519570000000025e-03 -6.908894283322258856e-02 -3.339338790999999862e+00
1.891838700000000092e-03 5.900491499999999633e-03 -6.911477423322259783e-02 -3.281317211999999817e+00
1.311357532000000017e-03 9.155651105999999470e-03 -6.868267183322257496e-02 -3.246013233000000220e+00
5.563077454999999739e-04 1.230435208000000072e-02 -6.788240693322258879e-02 -3.229193147000000153e+00
-2.948306681000000136e-04 1.534207729000000055e-02 -6.679780813322258592e-02 -3.227336000000000205e+00
-1.168829031000000011e-03 1.829009749000000060e-02 -6.550471133322258166e-02 -3.234586848999999820e+00
-2.011414031999999869e-03 2.116593619000000162e-02 -6.404219893322257717e-02 -3.245909431999999928e+00
-2.818231361999999889e-03 2.396108507999999970e-02 -6.241259513322258701e-02 -3.260508028999999919e+00
-3.584551671999999974e-03 2.666563363000000117e-02 -6.061880983322259775e-02 -3.277583716000000091e+00
-4.305531670000000387e-03 2.926915645000000010e-02 -5.866396433322257353e-02 -3.296321974000000044e+00
-4.976179576000000146e-03 3.176059650000000179e-02 -5.655148223322259415e-02 -3.315922227999999805e+00
-5.591322983000000107e-03 3.412814516999999881e-02 -5.428521213322257122e-02 -3.335661567999999910e+00
-6.145581784999999686e-03 3.635912278000000275e-02 -5.186958953322257093e-02 -3.354973756999999779e+00
-6.633349725000000328e-03 3.843986477999999929e-02 -4.930984373322258585e-02 -3.373518193999999859e+00
-7.048789066000000353e-03 4.035562118000000226e-02 -4.661225753322259524e-02 -3.391214699999999915e+00
-7.385843999000000354e-03 4.209047909000000059e-02 -4.378448553322258907e-02 -3.408229355000000016e+00
-7.638279583999999824e-03 4.362732191000000259e-02 -4.083593803322257965e-02 -3.424911309000000070e+00
-7.799754231000000267e-03 4.494784243000000262e-02 -3.777823313322259402e-02 -3.441695500999999879e+00
-7.863934911000000638e-03 4.603263181000000204e-02 -3.462572103322258954e-02 -3.458996092000000022e+00
-7.824665241999999646e-03 4.686137207999999804e-02 -3.139607423322257618e-02 -3.477116834999999906e+00
-7.676197241000000393e-03 4.741316500000000017e-02 -2.811093603322259438e-02 -3.496197721999999786e+00
-7.413497494000000423e-03 4.766703642000000296e-02 -2.479660523322257948e-02 -3.516205554999999983e+00
-7.032637436999999991e-03 4.760265963000000211e-02 -2.148472373322257711e-02 -3.536963961000000101e+00
-6.531274810999999902e-03 4.720134401000000007e-02 -1.821291353322257445e-02 -3.558209526000000178e+00
-5.909228360000000173e-03 4.644733292000000069e-02 -1.502528543322259602e-02 -3.579656695999999805e+00
-5.169139435000000109e-03 4.532944500000000293e-02 -1.197271253322257367e-02 -3.601054700000000164e+00
-4.317201205999999722e-03 4.384306997000000233e-02 -9.112727033222578488e-03 -3.622224058000000024e+00
-3.363917213000000139e-03 4.199248881999999988e-02 -6.508864333222591503e-03 -3.643066886999999809e+00
-2.324825407000000090e-03 3.979342173000000038e-02 -4.229253633222573860e-03 -3.663552593999999996e+00
-1.221092199000000083e-03 3.727561203000000212e-02 -2.344250533222597133e-03 -3.683686295000000221e+00
-7.977533374000000596e-05 3.448495650999999773e-02 -9.228588332225728941e-04 -3.703298619999999985e+00
1.059775799000000056e-03 3.148463227000000003e-02 -1.759713322257994150e-05 -3.722217813999999958e+00
2.129519000999999852e-03 2.835234374000000085e-02 4.004263667774232704e-04 -3.740517989000000210e+00
3.060719584000000208e-03 2.514817660999999968e-02 4.137196667774178938e-04 -3.757894503999999802e+00
3.794124006999999819e-03 2.190686325999999934e-02 1.088879667774100835e-04 -3.773838603000000180e+00
4.279672099000000028e-03 1.864795193000000004e-02 -4.254463332225844052e-04 -3.789660792999999916e+00
4.495055702000000201e-03 1.538386150999999924e-02 -1.095100633222573228e-03 -3.805395498999999848e+00
4.460577504999999575e-03 1.212082618000000049e-02 -1.807109733222594938e-03 -3.820918194999999962e+00
4.228099744000000416e-03 8.857937131000000533e-03 -2.486089333222585296e-03 -3.836127820000000188e+00
3.872170016999999798e-03 5.589501674999999663e-03 -3.081323833222571196e-03 -3.851029295000000019e+00
3.468736683999999910e-03 2.306045684999999922e-03 -3.550187533222587399e-03 -3.865590080000000039e+00
3.092857157999999874e-03 -1.001477293000000096e-03 -3.846376333222573107e-03 -3.879872989999999966e+00
2.785603443000000175e-03 -4.329075634999999568e-03 -3.956334233222585928e-03 -3.893866120999999847e+00
2.534764107000000120e-03 -7.663137381000000199e-03 -3.918452433222585629e-03 -3.907635323000000049e+00
2.329907331999999959e-03 -1.099706542000000037e-02 -3.763691633222571165e-03 -3.921314097000000221e+00
2.162404013000000097e-03 -1.432759668999999958e-02 -3.516684633222577627e-03 -3.934972410999999948e+00
2.025189778000000083e-03 -1.765338137999999946e-02 -3.196911033222588072e-03 -3.948700214000000042e+00
1.912506900000000105e-03 -2.097412153000000057e-02 -2.819720433222594469e-03 -3.962594591000000221e+00
1.819665532000000084e-03 -2.429006028999999844e-02 -2.397183233222577314e-03 -3.976717525000000197e+00
1.742839897000000035e-03 -2.760168701000000058e-02 -1.938780433222597743e-03 -3.991176751999999883e+00
1.678902482999999933e-03 -3.090957277000000100e-02 -1.451956633222589721e-03 -4.006020191000000175e+00
1.625293061000000067e-03 -3.421428355000000199e-02 -9.425596332225949503e-04 -4.021370561000000343e+00
1.579916710999999981e-03 -3.751633855000000017e-02 -4.151873332225719526e-04 -4.037272953000000442e+00
1.541064424000000016e-03 -4.081619384000000073e-02 1.265379667774180206e-04 -4.053838760999999735e+00
1.507350396999999897e-03 -4.411423988999999685e-02 6.797547667774239688e-04 -4.071140495999999942e+00
1.477661142999999984e-03 -4.741080569000000189e-02 1.242194466777424289e-03 -4.089258015000000412e+00
1.451112772000000013e-03 -5.070616589000000174e-02 1.812050066777426416e-03 -4.108262043999999946e+00
1.427013936999999922e-03 -5.400054856000000014e-02 2.387875666777422579e-03 -4.128206471999999572e+00
1.404832928999999930e-03 -5.729414263000000285e-02 2.968508366777422580e-03 -4.149147227000000271e+00
1.384168112000000060e-03 -6.058710434999999700e-02 3.553008566777426935e-03 -4.171112338999999558e+00
1.364721408000000051e-03 -6.387956288000000427e-02 4.140614166777412120e-03 -4.194119022999999835e+00
1.346274831000000101e-03 -6.717162477999999437e-02 4.730705966777409843e-03 -4.218148976000000161e+00
1.328670149999999946e-03 -7.046337779000000356e-02 5.322780166777424382e-03 -4.243177785000000313e+00
1.311791795999999941e-03 -7.375489387000000452e-02 5.916427666777412941e-03 -4.269179433999999773e+00
1.295553002000000061e-03 -7.704623174999999935e-02 6.511316966777425108e-03 -4.296176809000000318e+00
1.279885084000000018e-03 -8.033743905000000074e-02 7.107180666777401790e-03 -4.324168120000000393e+00
1.264729627999999903e-03 -8.362855420999999734e-02 7.703804166777405982e-03 -4.353145585000000040e+00
1.250033247000000101e-03 -8.691960800999999626e-02 8.301015666777405988e-03 -4.383082428999999891e+00
1.235744501999999937e-03 -9.021062507999999536e-02 8.898678266777426682e-03 -4.413947921000000107e+00
1.221812538000000090e-03 -9.350162512000000092e-02 9.496682466777428555e-03 -4.445737412999999805e+00
1.208186979999999969e-03 -9.679262400999999461e-02 1.009493996677740535e-02 -4.478389145000000404e+00
1.194818664000000001e-03 -1.000836348000000015e-01 1.069337836677741738e-02 -4.511883462000000122e+00
1.181660811999999967e-03 -1.033746683999999944e-01 1.129193676677742175e-02 -4.546080348000000271e+00
1.168670349000000032e-03 -1.066657344999999979e-01 1.189056196677740207e-02 -4.580894010999999821e+00
1.155809107000000053e-03 -1.099568417000000020e-01 1.248920596677741135e-02 -4.616134656999999919e+00
1.143044750000000000e-03 -1.132479982000000052e-01 1.308782336677741243e-02 -4.651703804000000275e+00
1.130351330999999904e-03 -1.165392120999999975e-01 1.368637036677741725e-02 -4.687350237000000419e+00
1.117709431999999942e-03 -1.198304909999999973e-01 1.428480356677741536e-02 -4.722858772000000371e+00
1.105105913999999924e-03 -1.231218431000000030e-01 1.488307996677742939e-02 -4.757893673999999962e+00
1.092533326999999910e-03 -1.264132760999999994e-01 1.548115606677741285e-02 -4.792304042999999680e+00
1.079989058999999930e-03 -1.297047977999999935e-01 1.607898906677740491e-02 -4.825855802000000416e+00
1.067474317999999927e-03 -1.329964161999999950e-01 1.667653636677740581e-02 -4.858370336000000123e+00
1.054993039000000007e-03 -1.362881387000000055e-01 1.727375636677741522e-02 -4.889464975000000102e+00
1.042550806999999972e-03 -1.395799726999999990e-01 1.787060876677742938e-02 -4.918791266000000384e+00
1.030153868000000016e-03 -1.428719253000000078e-01 1.846705516677740744e-02 -4.945957672999999666e+00
1.017808279000000007e-03 -1.461640029999999868e-01 1.906305876677741318e-02 -4.970582948999999751e+00
1.005519248999999947e-03 -1.494562121999999937e-01 1.965858516677740364e-02 -4.992285971000000266e+00
9.932906680999999908e-04 -1.527485586000000006e-01 2.025360206677742636e-02 -5.010643664999999913e+00
9.811248406000000824e-04 -1.560410476999999907e-01 2.084807936677740559e-02 -5.025206140999999960e+00
9.690223960999999608e-04 -1.593336844000000085e-01 2.144198896677740329e-02 -5.035414441000000352e+00
9.569823584999999702e-04 -1.626264733999999990e-01 2.203530496677741368e-02 -5.040709234999999566e+00
9.450023339000000050e-04 -1.659194190000000124e-01 2.262800276677742750e-02 -5.040581305999999984e+00
9.330787814999999671e-04 -1.692125251999999913e-01 2.322005956677741789e-02 -5.034433895000000270e+00
9.212073277999999850e-04 -1.725057956999999920e-01 2.381145386677741005e-02 -5.021648840000000114e+00
9.093830895000000122e-04 -1.757992341000000069e-01 2.440216516677740088e-02 -5.001634936000000309e+00
8.976009740000000367e-04 -1.790928437000000040e-01 2.499217446677742815e-02 -4.973893637999999839e+00
8.858559317999999605e-04 -1.823866275000000092e-01 2.558146336677741273e-02 -4.937973926999999819e+00
8.741431448999999534e-04 -1.856805886000000017e-01 2.617001486677739130e-02 -4.893186251000000375e+00
8.624581388000000055e-04 -1.889747294000000133e-01 2.675781316677738886e-02 -4.834940571999999825e+00
8.507968134000000416e-04 -1.922690524000000012e-01 2.734484416677740448e-02 -4.754217921000000402e+00
8.391553935000000113e-04 -1.955635595999999921e-01 2.793109566677742794e-02 -4.649520532999999567e+00
8.275303027999999584e-04 -1.988582523999999907e-01 2.851655806677744209e-02 -4.521795470999999900e+00
8.159179666000000069e-04 -2.021531316999999883e-01 2.910122536677739458e-02 -4.371169720000000147e+00
8.043145507999999947e-04 -2.054481977000000015e-01 2.968509596677743057e-02 -4.197426014000000372e+00
7.927156425999999471e-04 -2.087434492999999947e-01 3.026817426677741452e-02 -3.999463873999999919e+00
7.811158765000000533e-04 -2.120388841999999996e-01 3.085047226677739562e-02 -3.773338197000000171e+00
7.695085070000000534e-04 -2.153344983000000101e-01 3.143201226677744264e-02 -3.510459271999999853e+00
7.578849230999999860e-04 -2.186302850000000075e-01 3.201283006677740905e-02 -3.197784683000000072e+00
7.462340979999999586e-04 -2.219262348999999912e-01 3.259297836677743643e-02 -2.820319404000000141e+00
7.345419602000000363e-04 -2.252223345000000099e-01 3.317253306677742097e-02 -2.368358997000000077e+00
7.227906686999999511e-04 -2.285185650999999873e-01 3.375159926677739897e-02 -1.846097228000000090e+00
7.109577690999999578e-04 -2.318149012999999869e-01 3.433032076677738909e-02 -1.267894218999999989e+00
6.990152058999999458e-04 -2.351113088000000018e-01 3.490889196677743334e-02 -6.546313378000000460e-01
6.869281587000000341e-04 -2.384077420999999863e-01 3.548757276677744210e-02 -2.771523186000000027e-01
6.746536760000000025e-04 -2.417041400000000118e-01 3.606670896677743876e-02 -4.607000301999999992e-02
6.621390744000000064e-04 -2.450004218000000067e-01 3.664675876677742083e-02 9.788140082000000575e-02
6.493200842000000509e-04 -2.482964803000000109e-01 3.722832656677743657e-02 1.898593151000000090e-01
6.361187319999999723e-04 -2.515921735000000159e-01 3.781220906677740246e-02 2.500461092999999857e-01
6.224409743999999604e-04 -2.548873126999999794e-01 3.839945356677743060e-02 2.895948366000000163e-01
6.081741396000000252e-04 -2.581816467999999976e-01 3.899143586677739082e-02 3.154255060999999749e-01
5.931842919000000118e-04 -2.614748400999999944e-01 3.958996236677742031e-02 3.315521016999999904e-01
5.773137353000000124e-04 -2.647664417999999742e-01 4.019740306677743735e-02 3.402844909000000140e-01
5.603790163000000419e-04 -2.680558415000000028e-01 4.081686636677739344e-02 3.429399793999999835e-01
5.421700123999999938e-04 -2.713422059000000219e-01 4.145242816677741082e-02 3.402662740999999880e-01
5.224510228000000091e-04 -2.746243856000000205e-01 4.210943076677742258e-02 3.327059235000000004e-01
5.009652758000000513e-04 -2.779007745000000029e-01 4.279487156677741488e-02 3.205722724000000246e-01
4.774450078000000192e-04 -2.811690966000000014e-01 4.351790856677739683e-02 3.041701183000000142e-01
4.516303704999999943e-04 -2.844260739999999732e-01 4.429050846677740072e-02 2.838730623999999869e-01
4.233020729000000221e-04 -2.876669044999999869e-01 4.512827126677743106e-02 2.601603243999999759e-01
3.923351264000000081e-04 -2.908844268999999927e-01 4.605145306677743688e-02 2.336157009000000007e-01
3.587846905000000182e-04 -2.940677788000000126e-01 4.708618886677740090e-02 2.048969100999999959e-01
3.230202136000000267e-04 -2.972002239000000046e-01 4.826584126677740949e-02 1.746905042000000130e-01
2.859308964999999906e-04 -3.002556538000000219e-01 4.963223526677740249e-02 1.436717422000000077e-01
2.492325749999999810e-04 -3.031930320999999817e-01 5.123615976677742267e-02 1.124877133999999945e-01
2.159071629999999905e-04 -3.059478688999999751e-01 5.313572406677741222e-02 8.177538294000000207e-02
1.907812813000000053e-04 -3.084200378999999992e-01 5.538965076677743182e-02 5.221603436999999737e-02
1.811513899000000095e-04 -3.104589005999999762e-01 5.804013546677744273e-02 2.461670893999999901e-02
1.970940006999999882e-04 -3.118519582000000012e-01 6.107735516677742504e-02 0.000000000000000000e+00
2.520368578000000011e-04 -3.123480020000000135e-01 6.446996076677741216e-02 0.000000000000000000e+00
