0.008471732722 0.3485627425 0.05158663447 0
0.008876364447 0.3474725916 0.04831017687 0.001149765603
0.009162463985 0.3455654344 0.04556376133 0.002293111337
0.009399802239 0.3433538484 0.04304695969 0.003417612056
0.009591875456 0.3408986878 0.04075946758 0.004538202326
0.009742913349 0.3382505344 0.03869211704 0.005665721199
0.009857399965 0.3354505008 0.03683051404 0.006807204952
0.009939769392 0.3325314754 0.03515761047 0.007966402379
0.009994227038 0.329519472 0.03365543068 0.009144377011
0.01002465582 0.3264349072 0.03230617069 0.01034011217
0.01003457676 0.323293721 0.03109285413 0.01155107422
0.01002714263 0.3201083176 0.02999968721 0.01277371415
0.01000515014 0.3168883334 0.02901221685 0.01400390032
0.009971061732 0.3136412503 0.02811736511 0.01523728229
0.009927031046 0.31037288 0.02730338988 0.01646958701
0.009874929071 0.307087742 0.02655980499 0.01769684903
0.009816369052 0.3037893581 0.02587728101 0.01891557641
0.009752729471 0.300480479 0.02524754021 0.02012285466
0.009685174872 0.2971632599 0.02466325354 0.0213163919
0.009614674653 0.2938393955 0.02411794419 0.02249451109
0.009542020118 0.2905102234 0.02360589967 0.02365609776
0.009467840141 0.2871768044 0.02312209324 0.02480051465
0.009392615806 0.283839983 0.02266211444 0.02592749689
0.009316694348 0.2805004351 0.0222221079 0.02703704291
0.009240302669 0.2771587037 0.02179871963 0.0281293153
0.009163560631 0.2738152267 0.02138904959 0.02920456411
0.009086494273 0.2704703579 0.02099060945 0.0302630803
0.009009049012 0.2671243836 0.02060128481 0.03130518196
0.008931102845 0.2637775351 0.02021930059 0.03233122966
0.008852479494 0.2604299981 0.01984318934 0.03334166175
0.008772961414 0.2570819206 0.01947176145 0.03433703631
0.00869230252 0.253733419 0.01910407714 0.03531806487
0.008610240489 0.2503845823 0.01873941975 0.0362856241
0.008526508453 0.2470354769 0.01837727014 0.0372407359
0.008440845933 0.2436861495 0.01801728223 0.0381845124
0.008353008806 0.24033663 0.01765925958 0.03911807003
0.008262778186 0.2369869344 0.01730313308 0.04004242375
0.008169968059 0.2336370667 0.01694893992 0.04095837818
0.008074431562 0.2302870214 0.01659680388 0.04186643484
0.007976065841 0.2269367848 0.01624691719 0.04276673354
0.007874815419 0.2235863374 0.01589952397 0.04365904125
0.007770674081 0.220235655 0.01555490548 0.04454279446
0.007663685282 0.2168847099 0.01521336708 0.04541719156
0.007553941142 0.2135334724 0.01487522716 0.0462813231
0.007441580117 0.2101819116 0.01454080772 0.04713432072
0.007326783452 0.2068299963 0.01421042681 0.0479755018
0.00720977057 0.2034776958 0.01388439253 0.04880448745
0.007090793546 0.2001249804 0.01356299853 0.04962127564
0.006970130867 0.1967718218 0.01324652071 0.05042625946
0.006848080648 0.1934181937 0.01293521504 0.05122018955
0.006724953521 0.1900640722 0.01262931621 0.05200408952
0.006601065401 0.1867094361 0.0123290368 0.05277914077
0.006476730326 0.1833542668 0.01203456699 0.05354655739
0.006352253569 0.1799985491 0.01174607436 0.0543074727
0.006227925223 0.1766422711 0.01146370387 0.05506285523
0.006104014409 0.1732854243 0.01118757773 0.0558134658
0.005980764275 0.1699280039 0.01091779527 0.05655985878
0.005858387901 0.1665700085 0.01065443274 0.05730242263
0.005737065215 0.1632114405 0.01039754305 0.05804144736
0.005616940988 0.1598523056 0.01014715568 0.0587772025
0.005498123928 0.156492613 0.009903276839 0.05951000773
0.005380686875 0.1531323746 0.009665890117 0.06024028062
0.005264668057 0.1497716052 0.009434957781 0.06096855063
0.005150073306 0.1464103217 0.009210423045 0.06169543523
0.005036879143 0.1430485428 0.008992213505 0.06242158132
0.004925036553 0.1396862883 0.008780245998 0.06314758146
0.004814475284 0.1363235782 0.008574433114 0.06387387942
0.004705108471 0.1329604325 0.008374691552 0.06460068176
0.004596837356 0.1295968702 0.0081809525 0.06532789185
0.00448955588 0.1262329085 0.007993174184 0.06605507944
0.00438315494 0.1228685622 0.007811356677 0.06678149375
0.004277526086 0.119503843 0.007635559071 0.06750612119
0.004172564474 0.1161387586 0.007465919062 0.06822778198
0.004068170933 0.1127733125 0.007302674999 0.06894525336
0.003964253 0.1094075037 0.007146190484 0.06965740268
0.003860724879 0.1060413262 0.006996981576 0.07036331141
0.003757506269 0.1026747697 0.006855746758 0.07106237151
0.0036545201 0.09930782052 0.006723399844 0.07175433982
0.003551689232 0.09594046312 0.006601106115 0.0724393415
0.003448932219 0.09257268328 0.006490322056 0.07311782223
0.003346158299 0.08920447262 0.006392839218 0.0737904568
0.003243261747 0.08583583559 0.006310832832 0.07445803021
0.003140115799 0.08246679958 0.006246916004 0.07512131357
0.003036566311 0.07909742945 0.006204200438 0.0757809607
0.002932425349 0.07572784798 0.006186364806 0.07643745206
0.002827464869 0.07235826439 0.00619773205 0.07709110987
0.002721410631 0.06898901379 0.006243356945 0.07774220324
0.002613936487 0.06562061127 0.006329125322 0.07839115448
0.002504659154 0.06225382565 0.006461866186 0.07903884667
0.002393133592 0.05888977972 0.006649477616 0.07968701333
0.002278849161 0.05553008556 0.006901066576 0.08033865187
0.002161226785 0.05217702676 0.007227101379 0.08099832661
0.002039617544 0.04883380241 0.007639573188 0.08167210285
0.001913303368 0.0455048525 0.008152159038 0.08236671728
0.001781500962 0.04219628891 0.008780372621 0.08308758771
0.001643370739 0.03891646213 0.009541679323 0.08383565279
0.001498059518 0.03567727856 0.01045537351 0.08462906763
0.001348053255 0.03249891701 0.01153702367 0.08526057913
0.001235425902 0.0293659689 0.01275143428 0.08557945664
0.001207535895 0.0262659526 0.01405259039 0.08549699623
0.001312824811 0.02318591949 0.01539536699 0.08499136564
0.001600784988 0.02011587659 0.01673301702 0.08411886166
0.002117980024 0.0170517011 0.0180124269 0.08298328205
0.002898348727 0.01399647318 0.01916884799 0.08170621239
0.003953762761 0.01095927701 0.02012628879 0.0804297986
0.00526925418 0.007954588982 0.02080426625 0.07932561482
0.006803721972 0.005001274491 0.02112878834 0.07852714947
0.008494276697 0.002122554134 0.02104058328 0.07806288666
0.0102625621 -0.0006540738838 0.02049824366 0.07792002893
0.01202045053 -0.003296107039 0.01947793449 0.07807924715
0.01367356784 -0.005765179114 0.01797369155 0.07854535645
0.01512419757 -0.008017155928 0.01600036489 0.07939718162
0.01627727176 -0.01000438576 0.0135990385 0.08093915224
0.01706327454 -0.01168438135 0.01084251672 0.08338143464
0.01746496906 -0.01302951583 0.007827988919 0.086565229
0.01749411915 -0.01402970896 0.004653138519 0.09017909142
0.01717472683 -0.01469169935 0.001403160457 0.09393208776
0.01653849251 -0.01503511874 -0.001852578329 0.09758182944
0.01562074267 -0.01508834848 -0.005061214157 0.1009561025
0.01445724708 -0.01488491964 -0.00818546843 0.1039618384
0.01308198863 -0.01446069334 -0.01120178099 0.1065793775
0.01152579268 -0.01385186008 -0.01409802685 0.1088404527
0.009815649453 -0.01309367593 -0.0168711922 0.1107905219
0.007974548326 -0.01221979825 -0.01952523655 0.1124353472
0.006021655351 -0.01126206949 -0.02206926084 0.1137139114
0.003965012404 -0.01024636468 -0.02452619586 0.1148838459
0.001886108879 -0.009129606905 -0.02692814566 0.1162743655
-0.0001074120335 -0.007827982686 -0.02930560111 0.1176209186
-0.00190050157 -0.006254951618 -0.03167326482 0.1185793406
-0.003372744947 -0.00433245264 -0.03399572183 0.1183901121
-0.004418579116 -0.002015294153 -0.03617763772 0.1163074146
-0.00496468354 0.0006853870428 -0.03807755794 0.1118216585
-0.004980574495 0.003694625258 -0.03953609456 0.104808853
-0.004482930462 0.006882896776 -0.04040803757 0.09543271188
-0.003534350089 0.01008107802 -0.04058376641 0.08403502168
-0.002235051454 0.01310097351 -0.04000347154 0.07115216283
-0.0007159326284 0.01575050759 -0.03866389005 0.05748617117
0.0008704332415 0.01784989062 -0.03662079009 0.04393377744
0.002358767421 0.01924793521 -0.03399325527 0.03161580501
0.003586338333 0.01984241591 -0.03096018332 0.02239304391
0.004443369431 0.0196169051 -0.02774041889 0.01759788425
0.00490879176 0.01864991889 -0.024559947 0.01672226008
0.00501613281 0.01706524336 -0.02159014405 0.01862879542
0.004819855788 0.01498821444 -0.01893558683 0.02234900817
0.004381125433 0.01252962564 -0.01665463922 0.02716962416
0.003760394378 0.00978047775 -0.01477741084 0.03262420542
0.003014532748 0.006813378385 -0.01332022586 0.03844366778
0.002196793304 0.003687329703 -0.01229581041 0.04449014804
0.001358317799 0.0004541234945 -0.0117196441 0.05068426064
0.0005503408896 -0.002834336711 -0.01161304067 0.05692941266
-0.0001734994122 -0.006117885757 -0.01200309213 0.06303462503
-0.0007553474481 -0.009319160172 -0.01291895082 0.06863921833
-0.001132698441 -0.0123344669 -0.0143832646 0.07314735203
-0.001240733533 -0.01502640114 -0.01639730106 0.07569164364
-0.001019246764 -0.01722247169 -0.01891927145 0.07528536708
-0.0004285098247 -0.01872625475 -0.02183516684 0.07166951577
0.0004951287908 -0.01939102763 -0.02496127563 0.0656146161
0.001641043873 -0.01915877162 -0.02807612788 0.05793353753
0.002873843139 -0.0180514558 -0.03096390768 0.0492112114
0.004054255601 -0.01615845922 -0.03343889886 0.04013362045
0.005051904167 -0.01362173678 -0.03536028887 0.03126848693
0.005753791505 -0.01061980145 -0.03663853465 0.02301004002
0.006072793076 -0.007349655845 -0.03724074793 0.0157813814
0.005955487763 -0.004007376955 -0.03719394073 0.01002381587
0.005387200266 -0.0007635560392 -0.03657788567 0.005949912624
0.004395186709 0.002260082176 -0.03551198353 0.00355919825
0.003046362115 0.005011930363 -0.03413030528 0.002561281294
0.001438284566 0.007512262789 -0.03255126959 0.002504286677
-0.0003173526892 0.009834295582 -0.03085484604 0.002844774805
-0.002112993672 0.01207373983 -0.02908694251 0.003259027227
-0.003842728527 0.01432051085 -0.02728701661 0.003785673805
-0.005477688345 0.01659766383 -0.02544713004 0.004430120782
-0.007010957231 0.01889639502 -0.02354792885 0.00513992191
-0.008431183598 0.02120358634 -0.02157321963 0.005864348271
-0.009724984654 0.02350471321 -0.01950747155 0.006550783884
-0.01087670513 0.02578321398 -0.01733625203 0.007138818053
-0.011868243 0.02801981159 -0.01504684878 0.007556112634
-0.01267898664 0.03019180308 -0.01262912979 0.007714030848
-0.01328592892 0.03227235412 -0.01007669387 0.00750292559
-0.01366404887 0.03422986696 -0.007388355541 0.006788334609
-0.01378707681 0.03602753255 -0.004569984224 0.00541006324
-0.01362877881 0.03762323109 -0.001636667737 0.003186396757
-0.01316489873 0.03897000238 0.001384914489 -7.437487838e-05
-0.01237586339 0.04001735466 0.004454149804 -0.004553373347
-0.01125026636 0.04071369144 0.00751458842 -0.01039094558
-0.009788978394 0.0410100723 0.01049306093 -0.01764889092
-0.008009483187 0.04086534426 0.01330053473 -0.02627125023
-0.005949737166 0.04025236016 0.01583542633 -0.03605439695
-0.003670507114 0.03916452504 0.01798992356 -0.04661625949
-0.00125146701 0.03761917229 0.01966276593 -0.05685785117
0.00120068602 0.03567103059 0.02079996776 -0.06571142975
0.003569005627 0.03340059712 0.02140843728 -0.07293569915
0.005760286068 0.03088124234 0.02152827757 -0.0786223219
0.007702453237 0.02817611889 0.02121669808 -0.08296979313
0.00934104024 0.02533683954 0.02054025344 -0.08618688213
0.01063555769 0.02240455839 0.01957051094 -0.08845526424
0.01155962365 0.01941087504 0.01838299858 -0.08995261188
0.01210541172 0.0163786835 0.01705724251 -0.09088396689
0.01228804248 0.01332300435 0.01567352421 -0.09145807412
0.01214621765 0.01025156968 0.01430548382 -0.09184788992
0.01173756876 0.007166814005 0.01301037544 -0.09216831867
0.01113041144 0.004067078241 0.01182353709 -0.09250198272
0.01039514568 0.0009473805379 0.01076185156 -0.09288995061
0.009599156178 -0.002200322034 0.009832417611 -0.09336673279
0.008806413665 -0.005385658487 0.009039889816 -0.09387894211
0.00807736744 -0.008613919731 0.008388523075 -0.09418785074
0.007438149976 -0.01188122449 0.007869223886 -0.0941894021
0.006876835798 -0.01517930413 0.007464270189 -0.09394692135
0.006383398604 -0.01849916763 0.007158485158 -0.09352217137
0.005948871953 -0.02183424475 0.006938405799 -0.09296031158
0.005565318074 -0.02517977373 0.006792179024 -0.0922951151
0.00522576344 -0.02853233351 0.006709426455 -0.09155201359
0.0049241181 -0.03188949057 0.006681098845 -0.09075006583
0.004655089477 -0.0352495341 0.006699332411 -0.08990326129
0.004414096916 -0.03861127852 0.006757313721 -0.08902144933
0.004197190466 -0.041973917 0.006849156247 -0.08811109691
0.004000975638 -0.04533691319 0.00696978962 -0.08717598414
0.003822544784 -0.04869992171 0.007114861374 -0.08621787304
0.003659415154 -0.05206272999 0.007280650359 -0.08523714538
0.003509473341 -0.05542521605 0.007463990672 -0.08423338906
0.003370925657 -0.05878731799 0.007662204862 -0.0832059099
0.003242253946 -0.06214901225 0.007873045214 -0.08215414753
0.003122176335 -0.06551029824 0.008094641976 -0.08107798042
0.003009612458 -0.06887118765 0.008325457527 -0.07997791352
0.002903652757 -0.07223169716 0.008564245617 -0.07885515125
0.002803531487 -0.07559184362 0.008810014933 -0.07771156798
0.002708603147 -0.07895164103 0.009061996367 -0.07654959589
0.002618322044 -0.08231109873 0.009319613461 -0.07537205508
0.002532224781 -0.08567022046 0.009582455619 -0.07418195359
0.002449915429 -0.08902900409 0.009850253723 -0.07298228376
0.002371053212 -0.09238744168 0.01012285789 -0.07177583899
0.002295342479 -0.09574551992 0.01040021712 -0.0705650691
0.002222524776 -0.09910322062 0.01068236071 -0.06935198674
0.002152372799 -0.1024605214 0.01096938116 -0.06813812961
0.002084686011 -0.1058173965 0.01126141864 -0.0669245767
0.002019287687 -0.1091738174 0.01155864667 -0.06571200991
0.001956023135 -0.1125297538 0.01186125917 -0.06450080731
0.00189475885 -0.1158851744 0.01216945862 -0.06329115088
0.001835382337 -0.1192400477 0.01248344539 -0.06208312999
0.001777802343 -0.1225943428 0.01280340807 -0.06087682344
0.001721949262 -0.1259480304 0.01312951492 -0.05967234665
0.00166777546 -0.1293010833 0.01346190624 -0.05846985712
0.001615255329 -0.1326534778 0.01380068779 -0.05726951886
0.001564384879 -0.1360051937 0.01414592522 -0.05607143526
0.001515180715 -0.1393562157 0.01449763938 -0.05487556688
0.001467678308 -0.1427065337 0.01485580284 -0.05368165557
0.001421929481 -0.1460561434 0.01522033734 -0.05248917708
0.001377999121 -0.149405047 0.01559111237 -0.05129734098
0.00133596113 -0.1527532532 0.01596794496 -0.05010514871
0.00129589371 -0.1561007775 0.01635060058 -0.04891150993
0.001257874103 -0.1594476423 0.01673879536 -0.04771540518
0.001221972965 -0.1627938765 0.01713219957 -0.04651607218
0.001188248548 -0.1661395153 0.01753044241 -0.04531318568
0.001156740935 -0.1694845994 0.01793311814 -0.04410699912
0.001127466547 -0.1728291741 0.01833979356 -0.04289842005
0.001100413165 -0.1761732884 0.01875001684 -0.04168900117
0.001075535701 -0.1795169936 0.01916332755 -0.04048084239
0.001052752916 -0.1828603416 0.01957926812 -0.03927641408
0.001031945284 -0.1862033838 0.01999739625 -0.03807832548
0.001012954124 -0.1895461684 0.02041729866 -0.03688907145
0.0009955821187 -0.1928887391 0.02083860569 -0.03571079448
0.0009795952418 -0.1962311327 0.0212610069 -0.03454509593
0.0009647261048 -0.1995733769 0.02168426752 -0.03339292159
0.0009506786384 -0.2029154879 0.02210824556 -0.03225453399
0.0009371339976 -0.206257468 0.02253290976 -0.03112956937
0.0009237575146 -0.2095993034 0.02295835801 -0.03001716379
0.0009102064843 -0.2129409612 0.02338483647 -0.02891612347
0.0008961385324 -0.2162823865 0.02381275938 -0.02782510956
0.0008812202927 -0.2196234996 0.02424272948 -0.02674280851
0.0008651361048 -0.2229641923 0.02467555939 -0.02566806536
0.0008475964484 -0.2263043233 0.02511229399 -0.02459996665
0.0008283458406 -0.2296437138 0.02555423413 -0.02353787089
0.0008071699503 -0.2329821401 0.02600296206 -0.02248139444
0.0007839017202 -0.2363193265 0.02646036896 -0.02143036903
0.0007584263346 -0.2396549338 0.02692868516 -0.02038479061
0.0007306849283 -0.2429885468 0.02741051369 -0.01934477945
0.0007006769899 -0.246319656 0.02790886778 -0.01831056751
0.0006684614815 -0.2496476352 0.02842721328 -0.01728252258
0.0006341567585 -0.2529717119 0.02896951667 -0.01626121076
0.00059793944 -0.2562909293 0.02954029964 -0.01524749168
0.0005600424369 -0.2596040962 0.03014470106 -0.01424263441
0.0005207524013 -0.2629097233 0.03078854684 -0.01324843821
0.0004804069014 -0.2662059395 0.03147842824 -0.01226734066
0.000439391665 -0.2694903854 0.03222178819 -0.01130249601
0.0003981382507 -0.2727600735 0.03302701457 -0.0103578079
0.0003571225174 -0.2760112103 0.03390353774 -0.00943790237
0.0003168642418 -0.2792389652 0.03486192719 -0.008548027351
0.0002779281926 -0.2824371753 0.03591397889 -0.007693863439
0.0002409268868 -0.2855979677 0.03707277922 -0.006881226218
0.0002065251038 -0.2887112803 0.03835272364 -0.006115632892
0.0001754459978 -0.2917642602 0.03976945695 -0.005401695351
0.0001484782672 -0.2947405185 0.04133968552 -0.004742289481
0.0001264832492 -0.2976192256 0.04308079018 -0.004137439675
0.0001103999191 -0.3003740483 0.04501013953 -0.003582854767
0.0001012444715 -0.3029719565 0.0471439683 -0.0030680682
0.0001000993662 -0.3053719867 0.049495649 -0.002574188865
0.0001080844205 -0.3075241412 0.05207315667 -0.002071382214
0.0001262999777 -0.3093687462 0.05487553057 -0.001516391683
0.0001557301262 -0.3108367861 0.057888213 -0.0008506737502
0.0001970940007 -0.3118519582 0.06107735517 0
0.0002520368578 -0.312348002 0.06446996077 0
