0.008471732722 0.3485627425 0.05158663447 0
0.008876364447 0.3474725916 0.04831017687 0.0009218819791
0.009172303193 0.3455168322 0.04560677042 0.001806633876
0.009422615947 0.3432481398 0.04315224863 0.002684631648
0.009630049156 0.3407360086 0.04094079693 0.003521712812
0.009798154224 0.3380362049 0.03895720187 0.004300161513
0.009930716199 0.3351924841 0.037181511 0.005014378753
0.01003141612 0.3322386657 0.0355920775 0.00566722717
0.01010365342 0.3292006358 0.03416742547 0.006267112573
0.01015047145 0.326098092 0.03288730752 0.006825712234
0.0101745457 0.3229459789 0.03173323524 0.007356219994
0.01017820797 0.3197556256 0.03068868029 0.00787199131
0.01016348915 0.3165356292 0.02973907884 0.008385500916
0.01013216988 0.3132925277 0.02887172539 0.008907559573
0.0100858325 0.3100313105 0.02807561014 0.009446764164
0.01002591047 0.3067558004 0.02734123317 0.01000917457
0.009953732833 0.3034689411 0.02666041488 0.01059822017
0.009870562415 0.3001730107 0.02602611412 0.01121483611
0.009777626998 0.2968697827 0.02543225982 0.01185781624
0.009676143111 0.2935606454 0.02487359905 0.01252434807
0.009567332324 0.2902466928 0.02434556261 0.01321067113
0.009452430155 0.2869287925 0.02384414797 0.01391277897
0.009332687919 0.2836076376 0.02336581921 0.0146270747
0.009209368006 0.2802837863 0.02290742288 0.0153508938
0.009083733248 0.276957693 0.02246611887 0.01608282808
0.00895703125 0.2736297322 0.02203932505 0.01682281821
0.008830474657 0.2703002168 0.02162467449 0.01757202235
0.008705218511 0.2669694135 0.02121998408 0.01833250662
0.008582335924 0.263637554 0.020823233 0.01910683095
0.008462793363 0.2603048436 0.02043254995 0.01989761413
0.008347426855 0.256971468 0.02004620745 0.02070715416
0.008236920387 0.2536375976 0.01966262187 0.02153715603
0.008131787672 0.2503033898 0.01928035773 0.02238858656
0.00803235833 0.2469689907 0.0188981347 0.02326164408
0.007938769315 0.2436345343 0.01851483595 0.02415580844
0.007850962214 0.2403001418 0.01812951656 0.02506992879
0.007768686752 0.2369659197 0.01774141062 0.02600231495
0.007691510579 0.2336319577 0.01734993614 0.0269508171
0.00761883511 0.2302983272 0.01695469675 0.0279129019
0.007549916915 0.2269650793 0.01655547971 0.02888575079
0.007483893903 0.2236322446 0.01615224962 0.02986641167
0.007419815328 0.2202998328 0.01574513784 0.03085202506
0.007356674458 0.2169678338 0.01533442769 0.03184012246
0.007293442662 0.2136362197 0.01492053563 0.03282896463
0.007229103584 0.2103049473 0.0145039892 0.03381786082
0.007162686104 0.2069739614 0.01408540231 0.03480739547
0.007093294835 0.2036431982 0.01366544883 0.03579949308
0.007020137059 0.2003125891 0.01324483561 0.03679727636
0.006942545125 0.1969820639 0.01282427587 0.0378047114
0.006859993614 0.1936515541 0.01240446409 0.03882607955
0.006772110736 0.1903209948 0.01198605352 0.03986535522
0.006678683765 0.1869903269 0.0115696371 0.04092559462
0.00657965848 0.1836594983 0.01115573254 0.04200844328
0.006475132936 0.1803284637 0.01074477228 0.04311385207
0.006365346012 0.1769971851 0.01033709838 0.04424005383
0.006250661466 0.1736656312 0.009932962622 0.04538380599
0.006131548337 0.1703337763 0.009532531401 0.0465408572
0.00600855866 0.1670015995 0.009135895193 0.04770655784
0.005882303531 0.1636690833 0.008743081747 0.04887651178
0.005753428567 0.1603362129 0.008354072285 0.05004716218
0.005622589781 0.1570029748 0.007968819727 0.05121621884
0.005490430805 0.1536693555 0.007587267975 0.05238286289
0.005357562285 0.150335341 0.007209371246 0.05354770395
0.005224544132 0.1470009154 0.006835112553 0.05471250672
0.005091871127 0.1436660603 0.006464520545 0.05587974313
0.00495996221 0.1403307539 0.006097684079 0.05705205592
0.004829153586 0.1369949703 0.005734764119 0.05823173394
0.004699695601 0.1336586793 0.005376002783 0.0594202964
0.004571753179 0.1303218457 0.005021729587 0.06061826119
0.004445409446 0.1269844296 0.004672365188 0.06182513509
0.00432067206 0.1236463863 0.004328423116 0.06303961751
0.00419748168 0.1203076665 0.003990510194 0.06425996416
0.004075721907 0.1169682172 0.00365932647 0.06548442187
0.003955230051 0.113627982 0.003335665597 0.06671163004
0.003835808021 0.1102869018 0.003020416647 0.06794089151
0.003717232688 0.1069449162 0.002714568369 0.06917224627
0.003599265071 0.1036019637 0.002419216842 0.07040632753
0.00348165777 0.1002579835 0.002135577472 0.07164403242
0.003364160121 0.09691291657 0.001865002153 0.07288608562
0.003246520594 0.09356670748 0.00160900239 0.07413260346
0.003128486067 0.09021930734 0.001369279103 0.07538277171
0.003009797657 0.08687067747 0.001147759819 0.07663473165
0.00289018292 0.08352079513 0.0009466439844 0.07788573152
0.002769344294 0.0801696618 0.000768457213 0.07913255244
0.002646943799 0.07681731514 0.0006161154414 0.08037217171
0.002522584109 0.07346384625 0.0004930001578 0.0816025905
0.002395786226 0.07010942407 0.0004030461451 0.08282373385
0.00226596408 0.06675432995 0.0003508434578 0.08403833005
0.002132396491 0.06339900603 0.0003417556264 0.08525268482
0.001994197004 0.060044123 0.0003820562719 0.08647726041
0.001850282203 0.05669067426 0.0004790863076 0.08772688494
0.001699339241 0.05334010682 0.0006414335318 0.08902011359
0.001539793498 0.04999450252 0.0008791353841 0.09037654887
0.001369777694 0.04665682831 0.001203903493 0.09180987097
0.001187104409 0.04333128077 0.001629364644 0.09331434265
0.0009892451791 0.04002375805 0.002171305799 0.09484801906
0.0007733312974 0.03674265406 0.002847867682 0.09639995983
0.0005385022435 0.03350145928 0.003677290476 0.09743526474
0.0003249316637 0.03029381071 0.004632219125 0.09787662429
0.0001819229908 0.0271091747 0.005673656019 0.0975888069
0.0001603455848 0.02393744277 0.00676248824 0.09660305244
0.0003123284928 0.0207711751 0.007856664151 0.09509255059
0.0006860914437 0.01760851429 0.008904283577 0.09318030598
0.001314604468 0.0144532993 0.009837271218 0.09092492149
0.002206338092 0.01131388104 0.01057710137 0.08834878556
0.003342390769 0.008204489495 0.01104466288 0.08541135434
0.004678537397 0.005145191855 0.01116869674 0.08201538007
0.006151051411 0.002161767353 0.01089095699 0.07805674148
0.007683356875 -0.0007126890691 0.01016705061 0.07346285238
0.009189555899 -0.003435446457 0.008967182308 0.0684247608
0.0105772766 -0.005952794724 0.007281575749 0.06398428472
0.01176102294 -0.008204129448 0.005134397567 0.06126580556
0.01269820909 -0.01014001898 0.002594094816 0.06036803864
0.0133759495 -0.01172895547 -0.0002527555459 0.06100719829
0.01379218608 -0.01295675734 -0.003321510952 0.06286535669
0.01395391155 -0.01382484846 -0.006535116902 0.06558769751
0.01387464376 -0.01434689015 -0.009827007076 0.06881130125
0.0135720229 -0.01454535328 -0.01314241879 0.07222044884
0.01306574897 -0.01444841494 -0.01643846647 0.07560528369
0.01237595784 -0.0140873893 -0.01968336138 0.07889358804
0.01152204567 -0.01349476147 -0.02285513295 0.08213351594
0.01052189617 -0.01270279781 -0.02594013377 0.08542687068
0.009391439019 -0.01174265428 -0.0289315267 0.08883606325
0.008144461718 -0.01064388439 -0.03182787736 0.09229675628
0.006792603183 -0.009434249762 -0.03463191557 0.09555457513
0.005345470243 -0.008139749442 -0.03734948586 0.09812052607
0.003808234608 -0.006782270303 -0.03999352918 0.1002544957
0.002241922649 -0.005323875601 -0.04256909668 0.1029852028
0.0007341894104 -0.003682848236 -0.04506629295 0.1065924888
-0.0006202503716 -0.001783351734 -0.04746233669 0.110294682
-0.001716809772 0.0004350704906 -0.04970839822 0.1135236542
-0.002459046918 0.003004215873 -0.0517092155 0.1151498171
-0.002784348266 0.005907334823 -0.05332466431 0.1137749991
-0.00267979647 0.009063834783 -0.05439970578 0.1093789793
-0.002182448876 0.0123356942 -0.05480315237 0.1013461995
-0.00136771601 0.0155460771 -0.05444878422 0.08968786356
-0.0003380143188 0.01849620786 -0.05330299325 0.07453057245
0.0007814466701 0.02097999116 -0.0513965454 0.0565533335
0.001849895384 0.02280581063 -0.04883469574 0.03749939437
0.002730893641 0.02383125534 -0.0457969752 0.02074318014
0.003347327972 0.02401367059 -0.04252427415 0.008444401173
0.003691894724 0.02340797299 -0.03925643689 0.0004943015941
0.003783900689 0.02211453749 -0.03617150864 -0.003618342268
0.003657416569 0.02024944448 -0.03339114413 -0.004588183921
0.003353079172 0.01792616742 -0.03099221201 -0.003129405633
0.00291304254 0.01524674415 -0.0290208144 0.0001412477327
0.002378581578 0.01229976597 -0.02750484498 0.004762577396
0.001789531582 0.009162585741 -0.0264635684 0.01042885363
0.001184825278 0.005905921143 -0.02591396559 0.01694139012
0.0006035670185 0.002599804178 -0.02587399038 0.02412896238
8.62072424e-05 -0.0006796849708 -0.02636277497 0.03175659135
-0.0003246112522 -0.003843359856 -0.02739748154 0.03943742318
-0.0005840807296 -0.006782348535 -0.02898615283 0.04655610631
-0.0006468818461 -0.009363641402 -0.03111585212 0.05221452237
-0.0004713861843 -0.01143070161 -0.03373605681 0.05522490242
-2.718008394e-05 -0.01281335456 -0.03673930156 0.05421127221
0.000693179477 -0.0133509437 -0.0399420438 0.04915357413
0.001623062816 -0.01296560886 -0.04310926646 0.04148766582
0.00263457214 -0.01169447931 -0.04601056127 0.03247626158
0.003595428854 -0.00965315918 -0.04845690549 0.02325475631
0.00438465073 -0.007005525188 -0.05031697897 0.01447502578
0.004900480131 -0.003940428857 -0.05152001034 0.00656646704
0.005065079307 -0.0006527748444 -0.05205197641 -2.275746502e-05
0.004833199391 0.002674566561 -0.05195545218 -0.004974052785
0.00420139999 0.005892730749 -0.05132499869 -0.008169679006
0.003213840035 0.008911842978 -0.05028552217 -0.009311204449
0.001956446154 0.01171186848 -0.04895663532 -0.008957701845
0.000532295911 0.01432503842 -0.04742319522 -0.007788870168
-0.0009656196479 0.01681025047 -0.04574966939 -0.006104340892
-0.002452527089 0.01923897659 -0.04398972581 -0.004079865328
-0.003870719327 0.0216556132 -0.04217037386 -0.001687836647
-0.005215807335 0.0240539121 -0.04027319767 0.0009017358956
-0.006479291517 0.02642142563 -0.03828383397 0.00354407228
-0.007651302066 0.02874402466 -0.03618874419 0.006119254278
-0.008720509975 0.03100550689 -0.03397559702 0.008525741432
-0.009674081932 0.03318720388 -0.03163378285 0.01067603984
-0.01049770097 0.03526761441 -0.02915507846 0.0124860682
-0.01117567887 0.03722209847 -0.02653448158 0.0138543759
-0.01169119419 0.03902268032 -0.02377122845 0.01463681161
-0.01202669704 0.04063802686 -0.02086999384 0.01462896074
-0.01216452712 0.04203368545 -0.0178422496 0.01356825812
-0.01208779196 0.04317268263 -0.01470772219 0.01116060572
-0.01178154328 0.04401659444 -0.01149583968 0.007127056386
-0.01123426712 0.04452719349 -0.00824699552 0.001259565952
-0.01043966136 0.04466874689 -0.005013386444 -0.006526856098
-0.009398611284 0.04441097069 -0.00185911925 -0.01615645719
-0.008121190338 0.04373253479 0.001140751858 -0.02737822228
-0.006628422628 0.04262485909 0.003902567365 -0.03978236348
-0.004953466124 0.04109576708 0.006337975119 -0.05285302575
-0.003141791738 0.03917235285 0.008359438253 -0.06602814194
-0.001249004372 0.03690048708 0.009889198592 -0.07803013018
0.0006459541322 0.03434832351 0.01089713979 -0.08767419974
0.002454733337 0.0315905538 0.01140769644 -0.09500114885
0.004103924991 0.02868769328 0.01146862663 -0.100583786
0.005533168095 0.02568638215 0.01113914662 -0.1049395163
0.006692914917 0.02262161773 0.01048564778 -0.1084098938
0.007546352467 0.01951837868 0.009582256053 -0.1111868474
0.008076565435 0.01639313932 0.00851168177 -0.1133655244
0.008292640481 0.01325633704 0.007358036683 -0.1150461001
0.008229338272 0.01011265724 0.006195216911 -0.1163477039
0.007941183665 0.006961442097 0.005079865919 -0.1172967753
0.00749359795 0.003797939328 0.004049929827 -0.1178787511
0.006953984639 0.000613909067 0.003130767478 -0.1181740953
0.006388542932 -0.002600642764 0.002342859857 -0.1182067605
0.005860447071 -0.005853877459 0.001703953451 -0.1178466653
0.005403115244 -0.009143866125 0.001211929458 -0.1171295431
0.005006388726 -0.01245838941 0.0008464106635 -0.1162026278
0.004661164954 -0.01578904005 0.0005896250758 -0.1151676524
0.004359473862 -0.01912993749 0.0004262919764 -0.1140802104
0.004094400097 -0.02247700129 0.0003433653903 -0.1129687181
0.003859987036 -0.02582742631 0.0003297569662 -0.1118464762
0.003651137228 -0.02917930589 0.0003760652855 -0.1107182994
0.003463516653 -0.03253136325 0.0004743252643 -0.1095843675
0.003293466058 -0.03588276125 0.0006177836304 -0.1084428228
0.003137920355 -0.03923296841 0.000800702088 -0.1072916255
0.002994335788 -0.04258166502 0.001018187438 -0.1061297348
0.002860624065 -0.04592867769 0.001266046773 -0.1049576167
0.002735092483 -0.04927393393 0.001540665401 -0.1037771591
0.002616389147 -0.05261743074 0.001838905069 -0.1025911804
0.002503452584 -0.05595921277 0.002158020173 -0.1014027595
0.002395465275 -0.05929935713 0.002495589792 -0.1002146088
0.002291810889 -0.06263796263 0.002849463587 -0.09902864441
0.002192035159 -0.06597514192 0.003217719756 -0.09784581749
0.002095810557 -0.06931101547 0.003598633342 -0.09666618758
0.002002904951 -0.07264570689 0.003990653278 -0.0954891563
0.001913154525 -0.07597933888 0.00439238658 -0.09431375759
0.001826441168 -0.07931202993 0.004802588172 -0.09313891112
0.001742674482 -0.08264389135 0.00522015481 -0.09196357992
0.001661778453 -0.08597502481 0.005644121684 -0.09078681691
0.001583682644 -0.08930552036 0.006073660338 -0.08960772245
0.001508317649 -0.0926354549 0.006508076699 -0.0884253586
0.001435614342 -0.09596489127 0.006946808167 -0.08723867128
0.001365506332 -0.09929387788 0.007389418969 -0.08604646277
0.001297934872 -0.1026224489 0.007835593186 -0.08484743863
0.001232855405 -0.105950625 0.00828512515 -0.08364033262
0.001170244848 -0.1092784148 0.008737907179 -0.08242409432
0.001110108713 -0.1126058162 0.009193914818 -0.08119811069
0.00105248721 -0.1159328187 0.009653190022 -0.07996242351
0.0009974595646 -0.1192594057 0.01011582284 -0.0787179003
0.0009451458889 -0.1225855565 0.01058193228 -0.07746631648
0.0008957061528 -0.1259112491 0.01105164711 -0.07621031133
0.0008493359636 -0.1292364625 0.01152508732 -0.07495319311
0.0008062590906 -0.1325611789 0.01200234702 -0.07369858953
0.0007667168849 -0.1358853855 0.01248347917 -0.07244996851
0.000730954955 -0.1392090768 0.01296848299 -0.07121008729
0.0006992076518 -0.1425322555 0.01345729413 -0.06998045688
0.0006716810782 -0.1458549341 0.01394977794 -0.0687609262
0.0006485354665 -0.1491771353 0.01444572607 -0.067549486
0.0006298678454 -0.1524988926 0.01494485629 -0.06634236449
0.0006156959539 -0.1558202505 0.01544681544 -0.065134435
0.000605944338 -0.1591412637 0.01595118554 -0.06391989259
0.000600433502 -0.1624619965 0.01645749255 -0.06269309439
0.0005988728693 -0.1657825217 0.01696521781 -0.06144941516
0.0006008581535 -0.1691029181 0.01747381164 -0.06018595771
0.0006058735504 -0.1724232692 0.01798270892 -0.05890198273
0.0006132989482 -0.1757436597 0.01849134609 -0.05759897963
0.0006224221201 -0.1790641727 0.01899917951 -0.05628037616
0.0006324556324 -0.1823848864 0.01950570435 -0.05495095949
0.0006425579658 -0.1857058701 0.02001047393 -0.05361613758
0.0006518581391 -0.1890271811 0.02051311885 -0.0522811919
0.0006594829314 -0.1923488607 0.02101336548 -0.05095065789
0.0006645856503 -0.1956709315 0.02151105335 -0.04962792361
0.0006663752805 -0.1989933945 0.02200615102 -0.04831507474
0.0006641447897 -0.2023162272 0.02249876995 -0.04701295401
0.0006572973645 -0.2056393823 0.02298917617 -0.0457213608
0.0006453694002 -0.2089627872 0.0234777994 -0.04443930307
0.0006280491836 -0.2122863435 0.02396523968 -0.04316522764
0.0006051903718 -0.2156099277 0.02445227156 -0.04189719004
0.000576819588 -0.2189333912 0.02493984609 -0.04063296621
0.000543137711 -0.2222565609 0.02542909134 -0.0393701415
0.0005045147225 -0.2255792385 0.02592131203 -0.038106227
0.0004614782744 -0.2289011993 0.0264179893 -0.03683884481
0.0004146964393 -0.2322221897 0.02692078196 -0.03556599671
0.0003649553889 -0.2355419223 0.02743153057 -0.03428639364
0.0003131329974 -0.2388600701 0.02795226587 -0.03299979002
0.0002601695665 -0.2421762565 0.02848522352 -0.03170724645
0.00020703702 -0.2454900432 0.02903286689 -0.03041124471
0.0001547079854 -0.2488009141 0.02959791977 -0.02911559875
0.0001041261892 -0.252108253 0.03018341122 -0.02782514057
5.617951591e-05 -0.2554113158 0.03079273421 -0.02654520072
1.167693489e-05 -0.2587091938 0.03142972024 -0.02528093999
-2.866971504e-05 -0.262000765 0.03209873166 -0.02403661422
-6.425836471e-05 -0.2652846305 0.03280477326 -0.02281486446
-9.460337474e-05 -0.2685590291 0.0335536246 -0.02161611891
-0.0001193361565 -0.2718217245 0.03435199366 -0.0204381762
-0.0001382000486 -0.2750698529 0.03520769168 -0.01927601517
-0.0001510400952 -0.2782997196 0.03612982713 -0.01812185126
-0.0001577887112 -0.281506524 0.03712901396 -0.01696543718
-0.0001584485414 -0.2846839911 0.03821758425 -0.01579459076
-0.0001530741391 -0.2878238767 0.03940978732 -0.01459592753
-0.0001417544206 -0.2909153068 0.04072194423 -0.01335578337
-0.0001245982425 -0.2939439031 0.04217250542 -0.01206133462
-0.0001017259529 -0.2968906397 0.04378192691 -0.01070196207
-7.327044947e-05 -0.2997303799 0.04557223121 -0.00927095729
-3.93921707e-05 -0.3024300617 0.04756604858 -0.007767725662
-3.13508456e-07 -0.304946562 0.04978483983 -0.006200672525
4.362095815e-05 -0.3072244012 0.05224589062 -0.004590912682
9.185204998e-05 -0.3091937013 0.05495757115 -0.002976722758
0.0001434777657 -0.3107692287 0.05791235555 -0.001418122736
0.0001970940007 -0.3118519582 0.06107735517 0
0.0002520368578 -0.312348002 0.06446996077 0
