0.008471732722 0.3485627425 0.05158663447 0
0.008876364447 0.3474725916 0.04831017687 -0.0002773919814
0.009165929914 0.3455695098 0.04556325792 -0.0005237398363
0.009408169453 0.3433636887 0.04304449241 -0.0008200510144
0.009606149437 0.3409156922 0.04075315973 -0.001115719858
0.009763640956 0.3382756984 0.03867994002 -0.001377433496
0.009884665147 0.3354843967 0.03681052669 -0.001584887186
0.009973211176 0.3325742895 0.0351281518 -0.001727207666
0.01003307676 0.329571071 0.03361526078 -0.001800167187
0.01006779031 0.3264949142 0.03225456249 -0.001804102756
0.01008058419 0.3233615887 0.03102964223 -0.001742396142
0.01007439768 0.3201833933 0.02992528048 -0.001620370654
0.01005189536 0.3169699121 0.02892758128 -0.001444484133
0.01001549176 0.3137286159 0.02802398247 -0.001221728011
0.009967376621 0.3104653356 0.02720319688 -0.0009591718139
0.009909537694 0.307184631 0.02645511721 -0.0006636149486
0.009843779473 0.3038900765 0.02577070513 -0.0003413242285
0.009771737374 0.300584483 0.02514187803 2.153298405e-06
0.009694887496 0.2972700683 0.02456140089 0.0003621075425
0.009614552537 0.2939485896 0.02402278775 0.0007347166288
0.009531904643 0.2906214453 0.02352021458 0.001117037952
0.009447966114 0.2872897545 0.02304844426 0.001506949209
0.009363608887 0.2839544178 0.0226027631 0.001903054013
0.009279553716 0.2806161654 0.02217892805 0.002304570546
0.00919636988 0.2772755934 0.02177312337 0.002711223486
0.009114476121 0.2739331926 0.02138192526 0.003123157782
0.009034143409 0.2705893707 0.02100227314 0.003540887582
0.008955499961 0.2672444684 0.0206314462 0.003965285113
0.008878538764 0.2638987729 0.02026704389 0.004397603689
0.008803127718 0.2605525271 0.0199069693 0.004839518354
0.008729022316 0.2572059368 0.01954941436 0.005293159376
0.008655880662 0.2538591759 0.01919284617 0.005761110047
0.00858328047 0.2505123903 0.0188359937 0.006246342716
0.00851073758 0.2471657006 0.01847783438 0.006752076044
0.008437725453 0.2438192041 0.01811758029 0.007281551233
0.00836369504 0.2404729765 0.0177546637 0.007837742991
0.008288094405 0.2371270726 0.01738872179 0.008423038886
0.008210387466 0.233781528 0.01701958073 0.009038934532
0.008130071302 0.2304363597 0.01664723901 0.009685798364
0.008046691477 0.2270915675 0.01627185021 0.01036275624
0.007959854969 0.2237471346 0.01589370542 0.01106773225
0.00786924036 0.2204030294 0.01551321547 0.01179765966
0.007774605089 0.2170592064 0.01513089312 0.01254884843
0.007675789669 0.2137156084 0.01474733544 0.01331746786
0.007572718903 0.2103721676 0.01436320659 0.01410008055
0.007465400252 0.2070288077 0.01397922107 0.01489415098
0.007353919606 0.2036854462 0.0135961276 0.01569845166
0.007238434809 0.200341996 0.01321469386 0.01651330295
0.007119167353 0.196998368 0.01283569195 0.01734060679
0.006996392697 0.1936544728 0.01245988489 0.01818366554
0.006870429707 0.1903102234 0.01208801408 0.0190468101
0.006741629714 0.1869655367 0.01172078781 0.01993489001
0.006610365632 0.1836203356 0.011358871 0.02085269751
0.006477021591 0.1802745503 0.01100287604 0.02180440564
0.006341983429 0.1769281198 0.01065335502 0.02279309479
0.006205630356 0.173580993 0.01031079325 0.02382042606
0.006068327976 0.1702331288 0.009975604314 0.02488649546
0.005930422814 0.1668844967 0.009648126686 0.02598987544
0.00579223838 0.1635350768 0.009328621966 0.02712782394
0.00565407271 0.160184859 0.009017274915 0.02829661984
0.005516197283 0.1568338423 0.008714195308 0.0294919707
0.005378857127 0.1534820341 0.008419421675 0.03070943427
0.005242271875 0.1501294489 0.008132926997 0.03194480013
0.005106637527 0.1467761067 0.007854626327 0.03319438952
0.004972128622 0.1434220319 0.007584386368 0.03445524806
0.004838900571 0.1400672519 0.007322036923 0.03572522419
0.004707091866 0.1367117953 0.007067384181 0.03700294358
0.004576825968 0.1333556909 0.006820225726 0.03828770328
0.004448212663 0.1299989664 0.006580367176 0.03957931796
0.004321348774 0.1266416469 0.006347640339 0.04087795266
0.004196318122 0.1232837541 0.006121922791 0.04218397301
0.004073190728 0.1199253052 0.005903158782 0.04349783481
0.003952021251 0.1165663122 0.005691381441 0.04482002338
0.003832846736 0.1132067811 0.00548673628 0.04615103975
0.00371568376 0.1098467117 0.005289506061 0.04749141962
0.003600525094 0.1064860973 0.005100137195 0.04884176342
0.003487336002 0.103124925 0.004919267918 0.05020275316
0.003376050307 0.09976317658 0.004747758611 0.05157513591
0.003266566335 0.09640082981 0.004586724751 0.05295966321
0.003158742828 0.09303786138 0.004437573129 0.05435699005
0.003052394874 0.08967425096 0.004302042104 0.05576755353
0.00294728989 0.08630998753 0.004182246837 0.05719146708
0.00284314363 0.08294507867 0.00408073059 0.05862847857
0.002739616156 0.07957956394 0.004000523377 0.06007804598
0.002636307686 0.07621353387 0.003945209366 0.06153958273
0.002532754185 0.07284715664 0.003919004621 0.06301291384
0.002428422559 0.0694807153 0.003926846853 0.06449896641
0.002322705309 0.06611465929 0.003974498875 0.06600069273
0.002214914521 0.06274967542 0.004068667386 0.06752418729
0.002104275121 0.0593867852 0.004217138347 0.06907989409
0.001989917441 0.05602747779 0.004428929518 0.07068367122
0.001870869305 0.05267389087 0.004714459382 0.07235723856
0.001746048136 0.04932905562 0.005085729322 0.07412719254
0.001614254025 0.04599722713 0.005556511917 0.07602160287
0.001474165381 0.04268432702 0.006142531732 0.07806402761
0.001324339806 0.03939853236 0.006861614561 0.08026789054
0.001163294825 0.0361524715 0.007733383341 0.08266321704
0.0009963702119 0.03296275122 0.008769054055 0.08456781183
0.0008659511899 0.02981474923 0.009931704832 0.08566754623
0.0008195466279 0.02669622126 0.01117739175 0.08582650655
0.0009058870765 0.02359520609 0.01246280083 0.08508791513
0.001174830441 0.02050300522 0.01374277715 0.08358254424
0.001673503055 0.01741635116 0.01496535759 0.08140955381
0.002436166668 0.01433949516 0.01606618332 0.07860458836
0.003474584742 0.01128329029 0.01696916108 0.07520697329
0.00477431584 0.008263184524 0.01759483937 0.07121812056
0.006294870365 0.005299364036 0.01786988185 0.06660198537
0.007973090547 0.00241619557 0.01773427779 0.06151481265
0.009729283177 -0.0003580239001 0.0171448992 0.05619066699
0.01147313538 -0.002989782054 0.01607596268 0.0509907346
0.01310744373 -0.005439090122 0.01452025784 0.04647935046
0.01453159802 -0.007659640295 0.0124932784 0.0439040346
0.01565186551 -0.009602757876 0.01004058535 0.04458322544
0.01641699011 -0.01122893818 0.007242966422 0.04854406231
0.01682201757 -0.01251491208 0.004200269269 0.05507474031
0.01687793793 -0.01345560853 0.001005486817 0.06334225738
0.01660644054 -0.01406133566 -0.00226127291 0.07252862337
0.0160358159 -0.01435370072 -0.005534999157 0.08193286164
0.01519743633 -0.01436175598 -0.00876604161 0.09104581119
0.01412303542 -0.01411876172 -0.01191905877 0.09958116119
0.01284280596 -0.01365971354 -0.01497121687 0.1074536393
0.01138422085 -0.01301962396 -0.01791008572 0.1147098832
0.009771431427 -0.01223245997 -0.02073153711 0.121433523
0.008025092384 -0.01133060349 -0.02343782552 0.1276515458
0.006162481286 -0.01034470083 -0.02603593506 0.1332427291
0.004192946671 -0.00930120164 -0.0285424133 0.1381560042
0.002182952719 -0.008173684802 -0.03098793819 0.1421248605
0.000235289609 -0.006876670169 -0.03339707018 0.1463427722
-0.001541165788 -0.005320845209 -0.03578053822 0.1513618978
-0.003031724079 -0.003424346086 -0.03810710693 0.1566122678
-0.004133047901 -0.001135627112 -0.04028767837 0.1615621735
-0.004769613378 0.001543250531 -0.0421857096 0.165505212
-0.004906004197 0.004546809714 -0.04364548181 0.1674822767
-0.004552462485 0.00775155532 -0.04452176148 0.1666373218
-0.003764025065 0.01099167068 -0.04470456495 0.1624852619
-0.002632382963 0.01407818786 -0.04413140431 0.15481334
-0.00127788244 0.01681576811 -0.04279483486 0.1438000315
0.0001565475877 0.01901645002 -0.04074783965 0.1298742509
0.001514373181 0.02051807211 -0.0381080873 0.1139635692
0.002640342655 0.02120737523 -0.03505530281 0.09790689876
0.003438613593 0.02106574205 -0.03181558303 0.08429410773
0.003896603471 0.02017142799 -0.02861770668 0.07398819791
0.004041755942 0.01864228027 -0.02562801394 0.06664677616
0.003919657225 0.01660086676 -0.02295176189 0.06161004588
0.003582650398 0.01415823541 -0.02064989858 0.05814316928
0.003083442514 0.01140797903 -0.01875554889 0.05558916253
0.002472414362 0.008426816152 -0.01728756237 0.05344266741
0.001797318344 0.005278695365 -0.01626022649 0.05136291147
0.001104315577 0.002020677411 -0.0156894078 0.04914563837
0.0004396302596 -0.001290172392 -0.01559555743 0.04667493899
-0.000148708489 -0.004589115131 -0.01600368308 0.04387656392
-0.0006095710834 -0.007795465288 -0.01693983986 0.04069183181
-0.0008886179363 -0.01080436932 -0.01842314853 0.03708389914
-0.0009304694889 -0.01348045334 -0.02045214423 0.03307794366
-0.0006845485598 -0.01565701263 -0.02298502203 0.02860795856
-0.0001155777051 -0.01714689385 -0.02591696134 0.02468023284
0.0007537471997 -0.01779033992 -0.02906684479 0.02395424251
0.00182247085 -0.01752013083 -0.03220717912 0.02749242918
0.002958361787 -0.01636562102 -0.03511759751 0.03470352854
0.004026126595 -0.01442568334 -0.03760956166 0.04444892923
0.004900793134 -0.01185053708 -0.0395426899 0.05549449042
0.005475844629 -0.008823862007 -0.0408298105 0.06658374334
0.00567150425 -0.00554499774 -0.04144199891 0.07656954696
0.005441180984 -0.002209481574 -0.04140869511 0.08453655043
0.004778989294 0.001017207032 -0.04081319871 0.09014347499
0.003720458741 0.00402352577 -0.0397760459 0.0938388861
0.002337036426 0.00676745505 -0.03842717558 0.09646533767
0.0007251771442 0.009274114111 -0.03687747526 0.09850524714
-0.00100740315 0.01161629663 -0.03519911559 0.09983633488
-0.002760532203 0.01388432038 -0.0334392135 0.1006962012
-0.004435922619 0.01616321102 -0.03163866568 0.1020182576
-0.006011436752 0.01846810968 -0.02978762323 0.1033409158
-0.007480472851 0.02078771493 -0.02786900673 0.1043748869
-0.008833242856 0.02310775501 -0.02586773132 0.1049135085
-0.01005803996 0.02541248551 -0.02376939455 0.1047951707
-0.01114103927 0.02768409852 -0.02156071693 0.1038853027
-0.01206616307 0.02990209753 -0.0192301606 0.1020604825
-0.01281505116 0.03204265773 -0.01676877352 0.09918816532
-0.01336719469 0.03407801162 -0.01417130647 0.09510438122
-0.01370031305 0.03597592995 -0.01143764118 0.08959722289
-0.01379107393 0.0376994066 -0.008574543734 0.0824052725
-0.01361627245 0.03920670333 -0.005597711202 0.07323772066
-0.01315458457 0.04045195869 -0.002534000207 0.06181821335
-0.0123889801 0.04138660176 0.0005763884274 0.04794903483
-0.01130980213 0.04196181134 0.003678143212 0.03158689858
-0.009918377245 0.04213219226 0.00670002583 0.01291627819
-0.008230811974 0.04186066882 0.009555655514 -0.007598957901
-0.006281381223 0.04112430151 0.01214654404 -0.0292073327
-0.004124686827 0.03992034105 0.01436783014 -0.05091489602
-0.001832956464 0.03826948042 0.01611890421 -0.07072339744
0.0004983007872 0.03622674797 0.01734176009 -0.08687103014
0.002759943238 0.03387384334 0.01803955124 -0.09930893574
0.004862534935 0.03128562031 0.01824971613 -0.1086934278
0.006736831656 0.02852480532 0.0180269321 -0.1157320068
0.008329749558 0.02564165642 0.01743500951 -0.1210018407
0.009600848917 0.02267534322 0.01654264786 -0.1249235414
0.01052239447 0.01965575461 0.01542308599 -0.1277886396
0.01108464743 0.01660367059 0.01415466552 -0.1298075125
0.01130083904 0.01353151471 0.01281746103 -0.1311935859
0.01120720171 0.0104455457 0.01148459985 -0.1321175665
0.01085855617 0.007346757828 0.01021304611 -0.132722837
0.01032125787 0.00423217541 0.009039943071 -0.1330146523
0.009664968836 0.001095761107 0.007985760312 -0.1330713486
0.008957145132 -0.002071182521 0.007062212936 -0.1330507464
0.008262125379 -0.005277818996 0.006278888721 -0.1331060168
0.007637177865 -0.008526508839 0.005642609946 -0.1331014701
0.007091089814 -0.01181122009 0.005140162808 -0.1328488904
0.006613116701 -0.01512250969 0.00475348762 -0.1323939052
0.006193926354 -0.01845217852 0.004466847192 -0.1317747172
0.005825240709 -0.02179432332 0.004266378269 -0.1310226933
0.005499783839 -0.02514473303 0.004139947064 -0.130164019
0.005211204961 -0.02850043547 0.004076981749 -0.129220981
0.004953991228 -0.03185935952 0.004068302268 -0.1282126823
0.004723379047 -0.03522008489 0.004105958752 -0.1271554132
0.004515268825 -0.03858165767 0.004183084103 -0.1260628672
0.004326145622 -0.04194345487 0.004293762882 -0.124946294
0.004153006771 -0.04530508537 0.004432916608 -0.1238146255
0.003993296653 -0.04866631778 0.004596204445 -0.1226745975
0.003844848407 -0.05202702818 0.004779937671 -0.1215308894
0.003705832069 -0.05538716241 0.004981006094 -0.1203863008
0.003574708624 -0.05874670915 0.005196814529 -0.1192419798
0.003450189401 -0.06210568087 0.005425227528 -0.1180977053
0.003331200302 -0.06546410058 0.005664520741 -0.1169522183
0.003216850417 -0.06882199278 0.005913337443 -0.1158035829
0.003106404623 -0.07217937748 0.006170648977 -0.1146495531
0.00299925981 -0.0755362665 0.00643571811 -0.1134879156
0.00289492444 -0.07889266131 0.006708064465 -0.1123167793
0.002793001149 -0.08224855206 0.00698743144 -0.1111347866
0.002693172117 -0.08560391744 0.007273754179 -0.10994123
0.002595186973 -0.0889587251 0.007567128354 -0.108736072
0.002498852946 -0.09231293254 0.007867779659 -0.1075198767
0.002404027012 -0.09566648827 0.008176034048 -0.1062936779
0.002310609767 -0.09901933329 0.008492288847 -0.1050588166
0.002218540737 -0.1023714027 0.008816984965 -0.1038167857
0.002127794854 -0.1057226278 0.009150580468 -0.1025691159
0.002038379815 -0.1090729378 0.009493525821 -0.1013173267
0.001950334058 -0.1124222621 0.009846241113 -0.1000629485
0.001863725092 -0.1157705329 0.01020909557 -0.0988076025
0.00177864795 -0.1191176872 0.01058238963 -0.09755310437
0.001695223556 -0.1224636693 0.0109663398 -0.09630154438
0.001613596825 -0.1258084334 0.01136106648 -0.09505529385
0.001533934358 -0.1291519454 0.01176658487 -0.09381689558
0.001456421619 -0.1324941851 0.01218279899 -0.09258881764
0.001381259541 -0.1358351477 0.01260949875 -0.09137308086
0.00130866051 -0.139174845 0.01304636011 -0.09017080403
0.001238843765 -0.1425133063 0.01349294794 -0.0889817411
0.001172030224 -0.1458505787 0.01394872162 -0.08780390244
0.001108436838 -0.1491867264 0.01441304292 -0.08663335261
0.00104827056 -0.1525218302 0.01488518606 -0.08546425739
0.0009917220519 -0.1558559857 0.01536434947 -0.0842892149
0.0009389592948 -0.1591893021 0.01584966913 -0.08309985618
0.0008901212364 -0.1625218991 0.01634023301 -0.08188764907
0.0008453116744 -0.1658539047 0.01683509648 -0.08064479641
0.0008045935449 -0.1691854521 0.01733329836 -0.07936509486
0.0007679838063 -0.1725166769 0.01783387735 -0.07804461972
0.0007354491053 -0.1758477134 0.01833588873 -0.07668212573
0.0007069024045 -0.179178692 0.01883842106 -0.07527909857
0.0006822007431 -0.182509736 0.01934061284 -0.07383944848
0.0006611442856 -0.1858409585 0.01984166894 -0.07236889554
0.0006434767896 -0.1891724598 0.02034087677 -0.07087414346
0.0006288875958 -0.1925043251 0.02083762214 -0.06936196754
0.0006170152072 -0.1958366219 0.02133140469 -0.06783834846
0.0006074524818 -0.1991693982 0.02182185297 -0.0663077664
0.0005997534136 -0.2025026808 0.02230873914 -0.06477273538
0.000593441424 -0.2058364736 0.02279199327 -0.06323361348
0.0005880190277 -0.2091707561 0.02327171734 -0.06168867977
0.0005829786801 -0.2125054819 0.02374819894 -0.06013443155
0.0005778145533 -0.2158405775 0.02422192493 -0.05856603214
0.0005720349369 -0.2191759403 0.02469359508 -0.05697783093
0.0005651749132 -0.2225114368 0.02516413605 -0.05536388437
0.0005568089196 -0.2258468998 0.02563471592 -0.05371842313
0.0005465627903 -0.2291821252 0.02610675976 -0.05203623317
0.0005341248635 -0.2325168672 0.02658196671 -0.05031294016
0.0005192557496 -0.2358508326 0.02706232924 -0.04854520471
0.0005017963923 -0.2391836717 0.0275501553 -0.04673084649
0.0004816741008 -0.2425149679 0.02804809425 -0.04486891947
0.0004589063057 -0.2458442227 0.02855916761 -0.04295975881
0.0004336018762 -0.2491708362 0.02908680586 -0.04100501462
0.0004059599397 -0.2524940813 0.02963489233 -0.03900768191
0.0003762662571 -0.2558130699 0.03020781578 -0.03697212992
0.0003448873226 -0.2591267087 0.0308105328 -0.03490412994
0.0003122624773 -0.2624336407 0.03144864148 -0.03281087703
0.0002788944326 -0.2657321697 0.03212846728 -0.03070099786
0.000245338698 -0.2690201604 0.03285716183 -0.02858453258
0.0002121924821 -0.2722949083 0.03364281441 -0.02647287281
0.0001800836787 -0.2755529691 0.03449457454 -0.0243786303
0.0001496605572 -0.2787899354 0.035422782 -0.02231540199
0.000121582726 -0.282000145 0.03643909695 -0.02029738723
9.651382406e-05 -0.2851763009 0.03755661751 -0.01833880304
7.511619139e-05 -0.2883089788 0.03878996371 -0.01645303219
5.804744368e-05 -0.2913859928 0.04015529417 -0.01465142661
4.595839229e-05 -0.2943915899 0.04167020337 -0.01294167556
3.949104857e-05 -0.2973054432 0.04335342079 -0.01132563563
3.927446547e-05 -0.3001014276 0.04522419638 -0.009796519449
4.591483643e-05 -0.3027461901 0.04730120925 -0.008335371938
5.997457197e-05 -0.305197589 0.04960078057 -0.006906866108
8.193312869e-05 -0.307403186 0.05213411856 -0.005454682264
0.000112120615 -0.3092991622 0.05490330204 -0.003897159093
0.0001506146901 -0.3108102925 0.05789577325 -0.002124550462
0.0001970940007 -0.3118519582 0.06107735517 0
0.0002520368578 -0.312348002 0.06446996077 0
