0.008471732722 0.3485627425 0.05158663447 0
0.008876364447 0.3474725916 0.04831017687 0.001984612114
0.009141353862 0.3453504911 0.04574049073 0.00371389257
0.009348543402 0.3428871477 0.04348799137 0.005368896075
0.009505088882 0.3401799018 0.0415292968 0.006822372445
0.009618546703 0.3372999323 0.03983025437 0.008039533733
0.009695976801 0.3342980294 0.03835414775 0.009036571033
0.009743573175 0.3312099479 0.03706595279 0.009850822635
0.009766578188 0.3280607034 0.03593422994 0.01052370499
0.009769333825 0.3248677784 0.03493171451 0.01109269884
0.009755389251 0.3216434218 0.03403524754 0.01158855583
0.009727623629 0.318396259 0.03322541121 0.01203509865
0.009688365078 0.3151324055 0.03248606321 0.01245009943
0.009639497986 0.3118562325 0.03180386677 0.01284645451
0.009582556316 0.3085708911 0.03116785905 0.0132333022
0.009518802848 0.3052786731 0.03056907207 0.01361695922
0.009449295023 0.3019812584 0.03000020652 0.01400166452
0.009374938121 0.2986798881 0.02945535271 0.01439016447
0.009296526356 0.2953754845 0.02892975124 0.01478417956
0.009214772356 0.2920687372 0.0284195869 0.01518477794
0.009130325557 0.2887601647 0.02792181055 0.01559266013
0.009043780311 0.2854501598 0.02743398581 0.0160083444
0.008955674954 0.2821390228 0.02695415907 0.01643224424
0.008866483621 0.278826987 0.02648075217 0.01686464826
0.008776603155 0.2755142367 0.02601247793 0.01730564267
0.00868633793 0.2722009202 0.02554827833 0.01775504035
0.008595885652 0.2688871583 0.02508728456 0.01821238204
0.008505327183 0.265573049 0.024628797 0.01867704597
0.008414623065 0.2622586691 0.02417228184 0.01914844865
0.008323618774 0.2589440739 0.02371737987 0.01962626277
0.008232059754 0.2556292945 0.02326392166 0.02011054692
0.008139616171 0.2523143366 0.02281194299 0.02060169702
0.00804591616 0.2489991779 0.02236169407 0.02110019465
0.007950585245 0.2456837683 0.02191363701 0.02160622124
0.007853288777 0.2423680325 0.02146842685 0.02211929136
0.007753773702 0.2390518739 0.02102687363 0.02263809158
0.007651905906 0.235735183 0.02058988498 0.02316066692
0.007547699656 0.2324178465 0.02015839099 0.02368497624
0.007441336403 0.229099759 0.01973325558 0.0242096761
0.007333171206 0.2257808344 0.01931518039 0.02473485079
0.007223726205 0.2224610171 0.01890460871 0.02526235117
0.007113671774 0.2191402909 0.01850163779 0.02579548582
0.007003797103 0.2158186856 0.01810594751 0.02633802358
0.006894972753 0.2124962809 0.01771675291 0.02689275572
0.006788108287 0.2091732072 0.01733278615 0.02746011441
0.006684108184 0.2058496443 0.01695231134 0.02803742716
0.006583829044 0.2025258182 0.01657317319 0.02861922897
0.006488040591 0.1992019961 0.01619287738 0.02919867853
0.006397392254 0.1958784814 0.01580869837 0.02976966833
0.00631238637 0.1925556058 0.01541780764 0.03032888056
0.006233358329 0.1892337201 0.01501741396 0.03087699221
0.006160463425 0.1859131828 0.01460490627 0.03141852738
0.006093669834 0.1825943451 0.01417798939 0.03196038206
0.006032757021 0.1792775333 0.01373480359 0.03250957836
0.005977318948 0.1759630299 0.01327402014 0.03307110011
0.0059267717 0.1726510529 0.01279490698 0.03364658826
0.005880365379 0.1693417385 0.01229736114 0.03423427813
0.005837200405 0.1660351261 0.01178190663 0.0348300379
0.005796248463 0.1627311504 0.01124965965 0.03542896165
0.005756378367 0.1594296407 0.01070226461 0.03602685037
0.005716386875 0.1561303284 0.01014180676 0.03662109238
0.005675034172 0.1528328621 0.009570708175 0.0372108037
0.005631083244 0.1495368288 0.008991614665 0.0377964176
0.005583341808 0.1462417787 0.008407281181 0.03837907496
0.00553070498 0.1429472511 0.007820462702 0.03896012511
0.005472196431 0.139652799 0.007233816734 0.03954087143
0.005407005549 0.1363580091 0.006649822143 0.04012251088
0.005334518174 0.1330625171 0.006070717539 0.0407061206
0.00525433871 0.1297660161 0.005498460757 0.04129256862
0.00516630198 0.1264682594 0.004934709388 0.04188232743
0.005070473878 0.1231690584 0.004380820841 0.04247527142
0.004967140757 0.1198682761 0.003837869263 0.04307058053
0.0048567883 0.1165658182 0.003306675801 0.04366683414
0.004740071457 0.1132616242 0.002787848333 0.04426229079
0.004617777577 0.1099556572 0.002281826846 0.04485526258
0.004490785296 0.1066478963 0.001788931079 0.04544445224
0.004360021762 0.1033383294 0.00130940788 0.04602914181
0.004226420666 0.1000269477 0.0008434767222 0.04660918908
0.004090883064 0.09671374212 0.0003913729262 0.04718486624
0.003954242368 0.09339870006 -4.661072591e-05 0.04775663126
0.003817234173 0.09008180325 -0.0004700823661 0.048324937
0.003680470772 0.08676302577 -0.0008785069692 0.04889015882
0.003544419538 0.08344233227 -0.001271156823 0.04945267548
0.003409383733 0.08011967636 -0.001647053132 0.05001309429
0.003275483906 0.07679499952 -0.002004895078 0.05057258723
0.003142637869 0.07346823112 -0.002342972458 0.05113330431
0.003010537249 0.07013929099 -0.002659057767 0.05169884525
0.002878618903 0.06680809642 -0.002950273212 0.05227478329
0.002746029858 0.06347457682 -0.003212927588 0.05286922428
0.002611584966 0.06013870121 -0.003442317157 0.05349334236
0.002473716994 0.05680052614 -0.003632483688 0.05416176523
0.002330419363 0.05346027604 -0.003775921772 0.05489257918
0.002179182171 0.05011847398 -0.003863226697 0.05570636236
0.002016922613 0.04677615032 -0.003882674066 0.05662188233
0.001839911549 0.04343517001 -0.003819724177 0.05763960051
0.001643699426 0.04009873936 -0.003656449791 0.05868933294
0.001423047864 0.03677218086 -0.003370899394 0.05951015239
0.001171923436 0.03346467815 -0.002936511626 0.05975958801
0.000903557361 0.03018549591 -0.00234027595 0.05953396129
0.0006699244481 0.02692790369 -0.001623990687 0.05914635045
0.0005263854184 0.02368224004 -0.0008344399174 0.05793704509
0.0005296639874 0.02043986132 -2.115974369e-05 0.05612277024
0.0007310003196 0.0171958279 0.0007552891112 0.05398257853
0.001160078261 0.01395022584 0.001418816059 0.05156233295
0.001814382847 0.01070930388 0.001885743219 0.04886479016
0.002659668339 0.007485707568 0.002077124632 0.04573830717
0.003639750272 0.004299154497 0.001925732707 0.04170943592
0.004687733121 0.001179776138 0.00137436113 0.03612393228
0.005730146761 -0.00182701022 0.0003750933529 0.03015883506
0.006690179577 -0.004658028693 -0.001099575884 0.02480680266
0.007525377057 -0.007249638647 -0.003021005413 0.0197919678
0.008225289896 -0.009553579061 -0.00532531478 0.01494235952
0.008784676919 -0.01153599937 -0.007945788358 0.01025442185
0.009202789773 -0.01317715902 -0.01081692039 0.005792799728
0.009482290963 -0.01446964152 -0.01387710295 0.00163519346
0.009628197298 -0.01541627169 -0.01707046395 -0.002168945944
0.009646935287 -0.01602796614 -0.02034794779 -0.005624598709
0.009545558695 -0.01632168138 -0.02366776807 -0.008782393976
0.009331148662 -0.01631856547 -0.02699537399 -0.0116884921
0.009010394342 -0.01604237274 -0.03030306586 -0.01432090625
0.008589336421 -0.01551816473 -0.03356938153 -0.01655887146
0.008073246278 -0.01477129481 -0.03677835584 -0.0182105075
0.007466608734 -0.01382665596 -0.03991873516 -0.01907980353
0.006773175436 -0.01270816023 -0.04298320777 -0.01903131111
0.005996057913 -0.01143841308 -0.04596769189 -0.01803437812
0.005137833394 -0.01003854527 -0.0488707055 -0.01621322659
0.004200641841 -0.008528167682 -0.05169282809 -0.01392348788
0.003185716326 -0.006924563034 -0.05443772008 -0.011723518
0.002136489908 -0.005193592441 -0.05709204828 -0.007344620793
0.001122978264 -0.003261537081 -0.05961758871 -0.001131030967
0.0002215111212 -0.001064008767 -0.06196063196 0.005962621061
-0.0004830520289 0.001443072792 -0.06404342766 0.01423424542
-0.0009151039318 0.004273506439 -0.06575005164 0.02415749847
-0.001047091161 0.007385300571 -0.06693664071 0.03525875211
-0.0009052350955 0.01067148555 -0.06747068644 0.04680708875
-0.0005465900009 0.01397637135 -0.06725449823 0.05717626797
-4.671322269e-05 0.01710797622 -0.06623806563 0.06432467722
0.0005042655536 0.01985219716 -0.06443577718 0.0677628401
0.001007069181 0.02199719011 -0.06193996842 0.06878604066
0.001387933454 0.02338707319 -0.05893592856 0.06821838325
0.001631014721 0.02396579957 -0.05566206962 0.06602790482
0.00174016158 0.02375011866 -0.05233596077 0.06232523554
0.001728941211 0.0228046645 -0.04913666891 0.05742208104
0.001616756832 0.02122071035 -0.04620160407 0.05172446871
0.001425847877 0.01910019805 -0.04363095048 0.04563047223
0.001179359514 0.01654588386 -0.04149558131 0.03941349314
0.0009003503986 0.01365680563 -0.03984543459 0.03313858196
0.0006114785761 0.01052770503 -0.03871662138 0.02666316815
0.0003350953002 0.00725110163 -0.0381364431 0.01972733481
9.350648419e-05 0.003920984073 -0.03812595628 0.01208613305
-9.081634299e-05 0.0006372911525 -0.03869985606 0.003613699075
-0.0001952989229 -0.002489634736 -0.03986342172 -0.005668175335
-0.0001978544083 -0.005335687154 -0.0416062594 -0.01562703169
-7.828293846e-05 -0.007762285492 -0.04389280691 -0.02606332487
0.0001792672623 -0.009620459702 -0.04665029129 -0.03671803544
0.000582705863 -0.01076216027 -0.0497562668 -0.04729358971
0.001127588024 -0.01106047344 -0.05302967662 -0.0572389864
0.001784345456 -0.01044313908 -0.05623427818 -0.06454740175
0.002462818977 -0.008957267377 -0.05913499083 -0.06718233594
0.00305477133 -0.006743940781 -0.06155176959 -0.06569957522
0.003465369726 -0.003984024901 -0.06337176106 -0.06159953078
0.003618071664 -0.000869827593 -0.06454865084 -0.05605066982
0.00345838311 0.002415572332 -0.06509473491 -0.04974471705
0.002968709426 0.005714403734 -0.06507461541 -0.04338688581
0.002188543178 0.008919940291 -0.06458376592 -0.03675566828
0.001199400802 0.01198633831 -0.06371780966 -0.0300748099
8.876067844e-05 0.01491275242 -0.06256024207 -0.02459506855
-0.00106493702 0.01772704592 -0.06118538216 -0.02020055767
-0.002190061368 0.02047285577 -0.05965949514 -0.01555402929
-0.003247905664 0.02316977647 -0.05800693082 -0.01131451973
-0.004235561032 0.02580769923 -0.0562211363 -0.007692626234
-0.005149310715 0.02837386962 -0.05429688498 -0.004712261364
-0.005985110566 0.03085405694 -0.05222982337 -0.002327176155
-0.006738555714 0.03323249967 -0.0500167584 -0.0004833109892
-0.007404851401 0.03549188009 -0.04765598828 0.0008704568961
-0.007978794924 0.03761333257 -0.04514767462 0.001793002177
-0.008454776556 0.03957649069 -0.04249425324 0.002352377851
-0.008826808439 0.0413595795 -0.0397008829 0.002602760351
-0.00908859199 0.04293956209 -0.03677593187 0.00254780395
-0.009233636064 0.04429235445 -0.03373150332 0.002119803937
-0.009255439934 0.04539312935 -0.03058399901 0.001196786114
-0.009147756552 0.04621673947 -0.02735471602 -0.0003497800748
-0.008904952008 0.04673829982 -0.02407046093 -0.00260918891
-0.008522475496 0.04693397906 -0.02076414852 -0.005617247296
-0.007997449293 0.04678205338 -0.01747532637 -0.00937503455
-0.007329378533 0.04626427246 -0.01425053329 -0.01387563366
-0.006520964358 0.04536756699 -0.01114336145 -0.01911234405
-0.005578980214 0.044086087 -0.008214055504 -0.02506348935
-0.004515139721 0.0424234946 -0.00552845843 -0.03167212945
-0.003346848369 0.04039534445 -0.003156118609 -0.03884857441
-0.002097696836 0.0380312792 -0.001167423908 -0.04652575499
-0.0007974189701 0.03537643495 0.0003703919629 -0.05464711094
0.0005129985085 0.03249110606 0.001406664703 -0.062752699
0.001763200288 0.02944817479 0.001959007651 -0.06958785374
0.002883127937 0.02630779485 0.002087789663 -0.07446944174
0.003812963192 0.02311048938 0.001864588866 -0.07811358476
0.004503069328 0.01988259072 0.001367522841 -0.08108033188
0.004922050737 0.016641462 0.0006821141348 -0.08362937642
0.005068709847 0.01339789451 -0.0001031119724 -0.08587843829
0.004974998517 0.01015604355 -0.0009083834931 -0.08779463836
0.004698278986 0.006913891183 -0.001672798476 -0.08910216185
0.004306691964 0.003664618853 -0.002353793064 -0.08977321589
0.003868475506 0.0003986917401 -0.002916963897 -0.09017167423
0.00344991197 -0.00289261778 -0.003330172969 -0.09011422843
0.003099547132 -0.006209869407 -0.003579484223 -0.08956068754
0.002806999181 -0.009540292335 -0.003691403922 -0.0888767621
0.002562482284 -0.0128765228 -0.003688476851 -0.08821472507
0.002357663365 -0.01621398964 -0.003589255091 -0.08760915258
0.002185477139 -0.01954992494 -0.003408933136 -0.08705555732
0.002039948506 -0.02288272162 -0.003159942322 -0.08654001665
0.001916037414 -0.02621151322 -0.002852474153 -0.08604846771
0.001809509222 -0.02953590186 -0.002494924297 -0.08556936468
0.001716828427 -0.03285578346 -0.002094259515 -0.08509414019
0.001635071442 -0.03617123647 -0.001656314732 -0.08461682652
0.001561853568 -0.03948245121 -0.001186029507 -0.08413339541
0.001495265699 -0.04278968525 -0.000687633494 -0.08364111325
0.001433817155 -0.04609323506 -0.0001647900096 -0.08313804739
0.001376382196 -0.04939341779 0.0003792942375 -0.08262275083
0.001322148846 -0.05269055918 0.000941786467 -0.08209409268
0.001270569737 -0.05598498503 0.00152016672 -0.08155118204
0.001221315439 -0.05927701471 0.00211218404 -0.08099333778
0.001174231272 -0.06256695565 0.002715826596 -0.08042007089
0.001129298762 -0.06585509826 0.003329303021 -0.07983106171
0.001086602782 -0.06914171107 0.003951032494 -0.07922612627
0.001046304998 -0.07242703609 0.004579641099 -0.07860517428
0.001008623652 -0.07571128462 0.005213961754 -0.07796816696
0.0009738190368 -0.07899463382 0.005853034723 -0.07731508716
0.0009421833662 -0.08227722459 0.006496105549 -0.07664593555
0.0009140332248 -0.08555916114 0.007142617278 -0.07596076368
0.0008897024929 -0.08884051276 0.007792194207 -0.07525974499
0.000869533631 -0.09212131798 0.008444615162 -0.07454327013
0.0008538654964 -0.09540159135 0.009099775438 -0.07381203529
0.000843016438 -0.09868133268 0.00975763793 -0.07306708043
0.0008372622044 -0.1019605384 0.01041817556 -0.07230973408
0.0008368091314 -0.1052392144 0.01108130862 -0.07154143917
0.0008417640215 -0.1085173893 0.01174684188 -0.07076346943
0.0008521029854 -0.1117951275 0.01241440718 -0.06997659209
0.0008676421635 -0.1150725393 0.01308341755 -0.06918077459
0.0008880135986 -0.1183497889 0.01375303827 -0.06837505346
0.0009126495267 -0.1216270957 0.01442217933 -0.06755766563
0.0009407779698 -0.1249047315 0.0150895122 -0.06672647889
0.0009714317752 -0.1281830097 0.01575351118 -0.06587965941
0.001003472218 -0.1314622694 0.01641251787 -0.06501640849
0.001035627044 -0.1347428544 0.01706482432 -0.06413753018
0.00106654151 -0.1380250898 0.01770876873 -0.06324559544
0.001094839704 -0.1413092575 0.01834283576 -0.06234456668
0.001119192315 -0.1445955761 0.01896575247 -0.061438919
0.001138386185 -0.1478841851 0.01957657108 -0.06053248613
0.00115139053 -0.151175137 0.02017473008 -0.05962739237
0.001157414717 -0.1544683968 0.02076008731 -0.05872344132
0.00115595291 -0.1577638503 0.02133292061 -0.05781819837
0.00114681183 -0.1610613183 0.02189389493 -0.05690776629
0.001130119102 -0.1643605756 0.02244399781 -0.05598800343
0.001106311191 -0.1676613719 0.02298444829 -0.05505577376
0.001076101561 -0.1709634539 0.02351658718 -0.05410981685
0.001040431288 -0.1742665844 0.02404175832 -0.05315098357
0.001000405772 -0.1775705594 0.02456119174 -0.05218183178
0.0009572223367 -0.1808752209 0.02507589926 -0.05120580842
0.000912094189 -0.1841804653 0.02558659221 -0.05022636496
0.0008661765273 -0.1874862472 0.02609362843 -0.04924632104
0.0008205003097 -0.1907925782 0.02659699335 -0.04826763691
0.0007759185334 -0.1940995213 0.0270963163 -0.04729155812
0.0007330687437 -0.1974071799 0.02759092044 -0.04631894905
0.0006923540682 -0.2007156847 0.02807990117 -0.04535059089
0.0006539434504 -0.2040251767 0.02856222607 -0.04438728838
0.0006177901023 -0.2073357905 0.02903684741 -0.04342975829
0.0005836656603 -0.210647637 0.0295028179 -0.04247839363
0.0005512062604 -0.2139607901 0.02995940058 -0.04153305446
0.0005199658632 -0.2172752759 0.03040616469 -0.04059301359
0.0004894717443 -0.2205910668 0.03084306166 -0.03965710386
0.0004592771438 -0.2239080791 0.03127047738 -0.03872402085
0.0004290066287 -0.2272261751 0.03168925982 -0.03779267184
0.0003983906912 -0.230545167 0.0321007235 -0.03686245247
0.0003672873632 -0.2338648216 0.03250663501 -0.03593337069
0.0003356900437 -0.2371848643 0.03290918525 -0.03500599856
0.0003037221357 -0.2405049812 0.03331095588 -0.03408128843
0.0002716203426 -0.2438248177 0.03371488757 -0.03316032029
0.0002397094414 -0.2471439723 0.03412425808 -0.03224404764
0.0002083719566 -0.2504619861 0.03454267719 -0.03133308903
0.0001780163594 -0.2537783243 0.03497410472 -0.03042758318
0.0001490472251 -0.2570923506 0.03542289654 -0.02952710074
0.0001218402563 -0.2604032908 0.03589388218 -0.02863058855
9.672430086e-05 -0.2637101815 0.03639247651 -0.02773631243
7.397158854e-05 -0.2670118008 0.03692482687 -0.02684175726
5.379647982e-05 -0.2703065709 0.03749799666 -0.02594343474
3.636218813e-05 -0.2735924243 0.0381201854 -0.02503653619
2.179427315e-05 -0.276866617 0.03880098507 -0.02411435079
1.019926371e-05 -0.2801254683 0.03955167076 -0.02316735087
1.686556058e-06 -0.2833639968 0.04038552059 -0.02218183007
-3.608293441e-06 -0.2865754115 0.04131815323 -0.02113798077
-5.500690597e-06 -0.2897504011 0.04236785868 -0.02000734557
-3.736320865e-06 -0.292876146 0.04355587413 -0.01874974321
2.025347093e-06 -0.2959349563 0.04490651587 -0.01731020414
1.222066022e-05 -0.2989024222 0.04644700891 -0.01561746002
2.738018609e-05 -0.3017449651 0.04820674431 -0.01358769202
4.810876133e-05 -0.304416727 0.05021552581 -0.0111414833
7.503552757e-05 -0.3068558984 0.05250013405 -0.008249267931
0.0001087163624 -0.308980961 0.05507827186 -0.005030328373
0.0001494655572 -0.310688061 0.05794878873 -0.00193402673
0.0001970940007 -0.3118519582 0.06107735517 0
0.0002520368578 -0.312348002 0.06446996077 0
