0.008471732722 0.3485627425 0.05158663447 0
0.008876364447 0.3474725916 0.04831017687 -0.0002803619052
0.009147612231 0.3454621892 0.04565379723 -0.0005184897918
0.009364185914 0.3431261685 0.04327137269 -0.0007836081675
0.009531447484 0.3405423634 0.04115431693 -0.001024175865
0.009655440699 0.337772078 0.03928333243 -0.001209591027
0.009742212063 0.3348624027 0.0376341002 -0.001323344153
0.009797444836 0.331848911 0.03618086657 -0.001358096307
0.009826291406 0.3287581876 0.03489853652 -0.001312471934
0.009833321488 0.3256099704 0.03376377777 -0.001189075262
0.00982253187 0.3224188661 0.03275550478 -0.0009932296106
0.009797384349 0.319195675 0.03185499488 -0.0007320524239
0.009760852672 0.3159483934 0.03104580068 -0.0004136362828
0.009715468351 0.3126829586 0.03031356226 -4.625790742e-05
0.009663360862 0.3094037986 0.02964578181 0.000362352433
0.009606291032 0.3061142349 0.02903159776 0.0008055957054
0.009545678384 0.3028167758 0.02846157857 0.001278362244
0.009482624193 0.2995133303 0.0279275455 0.00177712671
0.009417932431 0.2962053627 0.02742242741 0.002299802516
0.009352130813 0.2928940046 0.02694014556 0.00284542846
0.009285493884 0.2895801356 0.02647552436 0.003413785884
0.00921806962 0.2862644407 0.02602422182 0.004005042346
0.009149710455 0.2829474517 0.02558267307 0.004619492811
0.009080108968 0.2796295757 0.02514804035 0.005257431875
0.009008837819 0.2763111168 0.02471816325 0.005919151152
0.00893539291 0.2729922914 0.02429150423 0.006605023519
0.008859238262 0.2696732415 0.023867086 0.007315616887
0.008779850749 0.2663540454 0.02344441859 0.008051778658
0.008696762642 0.2630347297 0.02302341612 0.008814648843
0.008609599978 0.2597152805 0.02260430456 0.009605590759
0.008518114913 0.2563956551 0.02218752327 0.01042606384
0.008422210598 0.2530757946 0.02177362417 0.01127748961
0.00832195755 0.2497556351 0.0213631731 0.01216116655
0.00821760101 0.2464351181 0.02095665804 0.01307826698
0.00810955931 0.2431141997 0.02055440866 0.0140299042
0.007998413721 0.2397928572 0.02015653119 0.01501721065
0.007884890687 0.2364710937 0.01976286151 0.01604133922
0.007769837628 0.233148941 0.01937293836 0.0171033119
0.007654193648 0.2298264603 0.01898599715 0.01820369472
0.007538956565 0.2265037416 0.01860098382 0.01934216038
0.007425147604 0.2231809023 0.01821658694 0.02051707821
0.007313775003 0.2198580854 0.0178312853 0.02172530692
0.007205797615 0.2165354561 0.01744340773 0.02296233634
0.007102089454 0.2132131987 0.01705120128 0.02422282951
0.007003406002 0.2098915124 0.01665290405 0.02550148493
0.006910353045 0.2065706057 0.01624681881 0.02679401848
0.006823358791 0.2032506898 0.01583138419 0.02809800197
0.006742650046 0.1999319703 0.01540524038 0.02941331914
0.006668233314 0.1966146385 0.01496728704 0.03074210524
0.006599881719 0.1932988601 0.01451673152 0.0320881861
0.006537128715 0.1899847655 0.01405312604 0.03345617396
0.006479269459 0.1866724388 0.01357639295 0.03485046132
0.006425370669 0.1833619092 0.01308683737 0.03627435452
0.006374289482 0.1800531445 0.01258514709 0.03772951577
0.006324701566 0.176746047 0.0120723797 0.03921576939
0.006275138265 0.1734404546 0.01154993704 0.04073122285
0.006224032065 0.1701361451 0.01101952761 0.04227259024
0.006169769144 0.1668328445 0.01048311764 0.04383559899
0.006110747211 0.1635302404 0.009942871913 0.04541539559
0.006045436344 0.1602279962 0.009401086 0.04700691642
0.005972440159 0.1569257689 0.00886011191 0.04860522584
0.005890554326 0.1536232256 0.008322279785 0.05020583397
0.005798819415 0.1503200592 0.007789818773 0.05180499313
0.005696565093 0.1470160014 0.007264780622 0.05339995249
0.005583443066 0.1437108315 0.006748969893 0.05498914139
0.005459446662 0.1404043817 0.006243884702 0.05657225907
0.005324915649 0.137096537 0.005750671721 0.05815026725
0.005180525749 0.1337872321 0.005270098633 0.05972529531
0.005027263188 0.1304764445 0.004802546389 0.06130046587
0.004866385539 0.1271641867 0.004348022508 0.06287963005
0.0046993709 0.1238504965 0.003906195348 0.06446698214
0.004527858099 0.1205354288 0.003476447935 0.06606652395
0.004353581048 0.1172190469 0.003057948613 0.06768138625
0.004178300525 0.1139014161 0.002649734672 0.06931308497
0.004003736621 0.1105825983 0.002250804343 0.0709608685
0.00383150478 0.1072626465 0.001860212162 0.07262135927
0.003663057877 0.103941601 0.001477162752 0.07428867176
0.003499636173 0.1006194853 0.00110109864 0.07595508734
0.003342226299 0.0972963016 0.000731778619 0.07761220669
0.003191529754 0.09397202711 0.0003693444618 0.07925233871
0.003047940759 0.09064661091 1.437522819e-05 0.08086978603
0.002911532818 0.08731997166 -0.0003320699907 0.08246170294
0.002782053011 0.08399199765 -0.0006684185561 0.08402833606
0.002658922828 0.08066254947 -0.0009925562821 0.08557266889
0.002541244407 0.0773314665 -0.001301800118 0.08709969345
0.002427811115 0.07399857821 -0.001592865857 0.08861564234
0.00231712163 0.07066372155 -0.001861824706 0.09012748054
0.002207396811 0.06732676649 -0.002104042374 0.09164279203
0.002096598648 0.06398765249 -0.002314094469 0.09316997755
0.001982450398 0.06064644021 -0.002485652391 0.09471851365
0.001862456571 0.0573033849 -0.002611334676 0.09629898675
0.001733920858 0.05395904094 -0.002682519775 0.09792262321
0.001593959482 0.05061441098 -0.00268911788 0.09959954403
0.00143950726 0.04727115908 -0.002619301801 0.1013326269
0.00126731414 0.04393191442 -0.002459200694 0.1030982252
0.001073931729 0.04060070234 -0.002192566809 0.104799605
0.0008556926826 0.03728355147 -0.001800436158 0.106189494
0.0006088413952 0.03398969614 -0.001260955673 0.1071610988
0.0003573404578 0.03072328284 -0.0005782331265 0.1080319355
0.0001537882052 0.02747783004 0.0002115327187 0.1085662689
5.34405894e-05 0.02424481916 0.001068123093 0.1085750258
0.0001123649843 0.02101765494 0.001947050369 0.1079756684
0.0003805623261 0.01779360146 0.002792476052 0.1066379902
0.0008895742626 0.01457463329 0.003533625313 0.1043021056
0.001642980193 0.01136811177 0.004089598367 0.1006692787
0.002613592201 0.008186690089 0.004380285056 0.09557854723
0.003750325849 0.005048775487 0.004336432977 0.08888606773
0.004989108387 0.001981225287 0.003900477306 0.08029432893
0.006257966949 -0.0009767753317 0.003024498872 0.06975942555
0.007477708293 -0.003770208569 0.001675111673 0.05875656316
0.008579384898 -0.006336096711 -0.0001414597771 0.04887660749
0.009530464071 -0.008623301388 -0.002369013382 0.04047572631
0.01031260232 -0.01059493231 -0.004938481834 0.03382734769
0.0109143339 -0.01222881486 -0.007779770961 0.02917277457
0.01133051333 -0.0135161957 -0.01082562647 0.02660601839
0.01156137145 -0.01445954541 -0.01401429565 0.02601876086
0.01161147283 -0.01507013123 -0.01729122761 0.02710972523
0.01148868676 -0.01536562876 -0.02060992434 0.02945859392
0.01120324639 -0.01536795768 -0.02393211142 0.03264155228
0.01076693627 -0.01510144767 -0.02722741265 0.03633715776
0.01019242138 -0.0145913764 -0.03047270139 0.04036881517
0.009492712404 -0.01386287514 -0.03365127352 0.04466601906
0.008680751892 -0.01294016815 -0.03675195422 0.04917610989
0.00776910225 -0.0118460964 -0.03976821783 0.05377852962
0.006769717258 -0.01060187044 -0.0426973725 0.05822401056
0.005693782488 -0.009226997655 -0.0455398388 0.0620727515
0.004551559418 -0.007739261417 -0.04829866838 0.06473316727
0.003354024748 -0.006150652704 -0.05098070818 0.06750127214
0.002157458441 -0.004411980785 -0.05356950335 0.07166026756
0.00103670519 -0.002450395232 -0.05602818406 0.07613525718
7.433752796e-05 -0.0002044619962 -0.05830144939 0.08032653839
-0.0006397890706 0.002363678309 -0.06030571746 0.08382369689
-0.001038236268 0.005255847057 -0.06191481868 0.08575054308
-0.001101297661 0.008411888647 -0.0629844063 0.08506749515
-0.0008582908693 0.01171091435 -0.06338695559 0.08116493165
-0.0003743254787 0.01498761325 -0.06303419282 0.07399031029
0.0002650806875 0.01804713015 -0.06188752869 0.06379848904
0.0009583508677 0.02067890833 -0.05997267115 0.05144994203
0.001594142811 0.02268037167 -0.05739197921 0.03967828452
0.002072327068 0.02389944055 -0.05432983 0.03174466821
0.002359640485 0.02428759079 -0.05103103565 0.02805547245
0.002464084093 0.02387874298 -0.04772142005 0.02774521057
0.002407444653 0.02275339855 -0.04457882947 0.02996163461
0.002219029409 0.02101439727 -0.04173331018 0.03394552217
0.001931123138 0.01877015401 -0.0392745404 0.039063497
0.001576219764 0.01612526999 -0.03726214739 0.04480902094
0.001185704012 0.01317701079 -0.03573564654 0.05078392243
0.0007895180018 0.01001581286 -0.03472239679 0.05666321877
0.0004163849506 0.006728296763 -0.03424298722 0.06214423135
9.424360742e-05 0.003401708776 -0.03431390905 0.06689250576
-0.0001493968618 0.0001290162055 -0.03494742929 0.07050625914
-0.0002874641383 -0.00298607173 -0.03614847307 0.07251586384
-0.0002940079489 -0.005825138021 -0.03790823721 0.07242150402
-0.0001459162699 -0.008253667172 -0.04019442032 0.06976086296
0.00017401986 -0.01012443786 -0.04293864048 0.06418348419
0.0006726061604 -0.01128834432 -0.04602307901 0.05548956727
0.001340715105 -0.01161467894 -0.04927029157 0.04391605337
0.002141250839 -0.01102581752 -0.05244560249 0.03094703862
0.002976433568 -0.009560479766 -0.05531354582 0.01831075768
0.00372701559 -0.007353529516 -0.05768977528 0.006577781641
0.004286465091 -0.004586106927 -0.05945629213 -0.003959791204
0.00456846056 -0.001455537802 -0.06056231773 -0.01298990797
0.00450983493 0.001846849727 -0.06101711099 -0.02020637727
0.004084572061 0.005152832679 -0.06088556985 -0.02516949322
0.003316820261 0.008340952288 -0.06026980402 -0.02742593712
0.00227752409 0.01135392351 -0.05927894202 -0.02719868586
0.001061299006 0.0141909623 -0.05800498633 -0.02535327065
-0.0002442460308 0.01688630722 -0.05652524203 -0.02310414795
-0.001560461379 0.01949443416 -0.05490521624 -0.01994037912
-0.002817737705 0.02206746559 -0.05319199418 -0.016261491
-0.004001913969 0.02460806519 -0.05138244165 -0.01259518158
-0.005109899923 0.02710550275 -0.04946770153 -0.009144979086
-0.006137367852 0.02954698212 -0.04743938208 -0.005993244113
-0.007078937845 0.03191786565 -0.04528942033 -0.003202982696
-0.007928108003 0.03420134786 -0.04301042754 -0.0008363811322
-0.00867721318 0.03637814491 -0.04059617984 0.001073696829
-0.009317432708 0.03842623128 -0.03804227429 0.002549658703
-0.00983887098 0.0403206671 -0.03534696152 0.003656902785
-0.01023073767 0.04203357226 -0.03251215166 0.004449868692
-0.01048165569 0.04353431493 -0.02954456998 0.004905724012
-0.01058012319 0.04478999001 -0.02645701086 0.004886827698
-0.01051514932 0.04576626248 -0.02326960403 0.004156427702
-0.01027707041 0.04642863806 -0.02001096884 0.002440312412
-0.009858532283 0.04674419414 -0.01671909419 -0.0004965654659
-0.009255596486 0.04668375472 -0.01344175453 -0.004791348666
-0.008468895025 0.04622442669 -0.01023626371 -0.0104595882
-0.007504724904 0.04535233474 -0.007168391547 -0.01740620665
-0.00637594741 0.04406531343 -0.004310328127 -0.02546360103
-0.005102545602 0.04237525158 -0.001737680305 -0.03445039286
-0.003711704087 0.04030975535 0.0004743860311 -0.04425523017
-0.002237308147 0.03791281204 0.002255607137 -0.05495561107
-0.0007184668799 0.03524322401 0.00354594063 -0.066201397
0.0007818052875 0.03237109934 0.004330944648 -0.07640519848
0.002184902388 0.02936200559 0.004651153228 -0.08496481625
0.003423544122 0.02626495522 0.004567355688 -0.09218879874
0.004441776424 0.02311398414 0.004149649827 -0.0983544306
0.005196706288 0.01993217013 0.00347514573 -0.1036064122
0.005665745378 0.01673505961 0.002627405984 -0.1079163773
0.005853907312 0.01353169009 0.00169154538 -0.1111809705
0.005795450599 0.01032469292 0.0007447564024 -0.1133859601
0.005547498433 0.007111692612 -0.0001537695413 -0.1144807249
0.005175969244 0.003886582328 -0.0009635542828 -0.1146223517
0.004745728925 0.0006407001415 -0.001652659039 -0.1142404661
0.004318937687 -0.002634351515 -0.002191519849 -0.113719028
0.003941665343 -0.00593973879 -0.002566356632 -0.1130895924
0.003616141113 -0.009264215171 -0.002797246051 -0.11241189
0.00333539238 -0.01259910107 -0.002906311729 -0.1117697426
0.003093251851 -0.01593886872 -0.002912429176 -0.1111624842
0.002884312281 -0.01927996149 -0.002831548317 -0.1105636287
0.002703826862 -0.02262016005 -0.002677061139 -0.1099496894
0.002547608083 -0.02595813908 -0.002460151599 -0.109308076
0.002411936542 -0.02929316016 -0.002190115021 -0.1086363664
0.002293485374 -0.03262486145 -0.001874643778 -0.1079391244
0.00218926222 -0.03595311539 -0.001520080613 -0.1072244433
0.002096568278 -0.0392779343 -0.001131642677 -0.1065009029
0.002012972466 -0.04259940924 -0.0007136195243 -0.1057752182
0.001936297836 -0.04591767207 -0.0002695477159 -0.1050507588
0.001864617004 -0.04923287339 0.0001976361347 -0.1043270389
0.001796253296 -0.05254517107 0.0006854627895 -0.1036001461
0.001729784527 -0.05585472574 0.00119181771 -0.1028639142
0.001664046765 -0.05916170037 0.001714847877 -0.1021114918
0.00159813594 -0.06246626194 0.002252887557 -0.1013368821
0.001531405767 -0.06576858379 0.002804402067 -0.1005360672
0.001463461043 -0.06906884758 0.003367948019 -0.09970747477
0.001394145914 -0.07236724426 0.003942147938 -0.09885175842
0.001323527197 -0.07566397387 0.004525676591 -0.09797106125
0.001251873161 -0.07895924397 0.00511725608 -0.09706806502
0.001179628476 -0.08225326717 0.005715656588 -0.09614514527
0.001107386118 -0.08554625804 0.006319699862 -0.09520386839
0.001035857102 -0.08883842977 0.006928262939 -0.09424491664
0.0009658388666 -0.09212999105 0.007540280164 -0.09326836973
0.0008981830356 -0.09542114354 0.00815474233 -0.09227416159
0.000833763195 -0.09871208008 0.008770692473 -0.09126249714
0.0007734431844 -0.1020029837 0.009387218534 -0.09023406015
0.0007180463308 -0.1052940273 0.0100034437 -0.08918994314
0.0006683259887 -0.1085853744 0.0106185156 -0.08813134522
0.0006249377444 -0.1118771799 0.01123159561 -0.08705917299
0.0005884136843 -0.1151695907 0.01184184986 -0.08597371518
0.0005591392056 -0.1184627477 0.01244844285 -0.0848745332
0.000537332961 -0.1217567858 0.01305053484 -0.08376062899
0.0005230306414 -0.1250518346 0.01364728354 -0.08263084568
0.0005160734077 -0.1283480182 0.01423785029 -0.0814843616
0.0005161018396 -0.1316454545 0.01482141082 -0.08032108917
0.0005225562663 -0.1349442537 0.01539717019 -0.07914180688
0.000534684256 -0.138244516 0.01596438141 -0.07794793661
0.000551555849 -0.1415463284 0.01652236718 -0.07674100434
0.0005720868332 -0.144849762 0.01707054393 -0.07552194931
0.0005950699713 -0.1481548674 0.01760844735 -0.07429052596
0.0006192136286 -0.1514616711 0.01813575852 -0.07304503949
0.0006431867361 -0.1547701713 0.01865232953 -0.07178256184
0.0006656685053 -0.1580803346 0.01915820736 -0.07049961534
0.0006854008198 -0.1613920941 0.01965365463 -0.06919314185
0.0007012408261 -0.1647053474 0.02013916561 -0.06786145771
0.0007122109649 -0.1680199577 0.02061547585 -0.06650487866
0.0007175435722 -0.1713357555 0.0210835636 -0.06512579668
0.0007167172627 -0.1746525423 0.02154464162 -0.06372817033
0.0007094825981 -0.1779700956 0.02200013789 -0.06231658869
0.0006958750377 -0.1812881749 0.02245166477 -0.06089521119
0.0006762138454 -0.1846065282 0.0229009763 -0.05946691922
0.0006510864409 -0.1879248989 0.02334991478 -0.05803292684
0.0006213185831 -0.1912430324 0.02380034819 -0.05659292404
0.0005879316909 -0.1945606831 0.02425410151 -0.05514563343
0.0005520894744 -0.1978776204 0.02471288531 -0.05368952466
0.0005150368033 -0.2011936351 0.02517822616 -0.05222339933
0.0004780343091 -0.2045085458 0.02565140344 -0.05074663967
0.0004422925688 -0.2078222049 0.02613339737 -0.04925906956
0.0004089098001 -0.2111345041 0.02662485254 -0.04776054114
0.0003788168099 -0.2144453792 0.0271260606 -0.0462504702
0.0003527324756 -0.2177548127 0.02763696478 -0.04472755701
0.0003311323372 -0.2210628339 0.02815718731 -0.04318984773
0.0003142319856 -0.2243695152 0.02868607982 -0.04163515013
0.0003019859256 -0.2276749645 0.02922279504 -0.0400616747
0.0002941015433 -0.2309793132 0.02976637722 -0.03846868147
0.0002900668138 -0.2342827001 0.03031586759 -0.03685690722
0.0002891895153 -0.2375852519 0.03087042074 -0.03522862365
0.0002906450439 -0.240887061 0.03142942758 -0.03358730495
0.0002935294892 -0.2441881627 0.03199264104 -0.0319370148
0.0002969144675 -0.2474885105 0.03256030116 -0.03028171395
0.0002999003109 -0.2507879514 0.03313325757 -0.0286247119
0.0003016645639 -0.2540861995 0.03371308857 -0.02696843722
0.0003015033081 -0.257382807 0.0343022176 -0.02531459966
0.0002988635576 -0.2606771275 0.03490402953 -0.02366469888
0.0002933657887 -0.2639682694 0.03552299062 -0.02202073451
0.0002848165115 -0.2672550308 0.03616477738 -0.02038591994
0.0002732115884 -0.2705358085 0.03683642024 -0.01876520963
0.0002587316989 -0.2738084678 0.03754646809 -0.01716551077
0.0002417318905 -0.2770701574 0.03830517896 -0.01559554368
0.0002227275117 -0.2803170478 0.03912473962 -0.01406540878
0.0002023789738 -0.2835439614 0.04001951178 -0.01258597899
0.0001814777249 -0.2867438548 0.04100629393 -0.01116823859
0.000160935519 -0.2899070969 0.04210457247 -0.009822621886
0.0001417784773 -0.2930204725 0.04333670967 -0.008558273443
0.0001251464534 -0.2960658214 0.04472797371 -0.007381974954
0.0001122966088 -0.2990182178 0.04630624756 -0.006296291583
0.0001046074824 -0.3018435989 0.04810114787 -0.005296317052
0.0001035756145 -0.3044958227 0.05014213246 -0.004364301221
0.0001107902254 -0.306913299 0.05245497521 -0.003461559144
0.0001278621143 -0.3090157092 0.05505578237 -0.002517686999
0.0001562718065 -0.3107020084 0.05794164309 -0.001418805703
0.0001970940007 -0.3118519582 0.06107735517 0
0.0002520368578 -0.312348002 0.06446996077 0
