0.008471732722 0.3485627425 0.2779442855 0
0.008876364447 0.3474725916 0.2746678279 -0.02039852866
0.009161050622 0.3456484572 0.271880959 -0.03866801607
0.009354987116 0.3432969542 0.2695099539 -0.05707140169
0.009476602368 0.3406025197 0.2675294529 -0.07637861624
0.009543372434 0.3376895161 0.265882653 -0.096691558
0.009569697664 0.3346379287 0.2645072101 -0.1178837449
0.009566674568 0.3314980795 0.2633463826 -0.1397670561
0.009542558704 0.3283014141 0.2623525768 -0.1621488533
0.009503374253 0.3250676392 0.2614875029 -0.1848421991
0.009453468044 0.3218092204 0.260721054 -0.2076782325
0.009395954596 0.3185341518 0.2600298669 -0.2305152186
0.009333054354 0.315247645 0.2593959512 -0.2532258763
0.009266343791 0.3119531596 0.2588055175 -0.2756771251
0.009196937706 0.3086530356 0.2582480262 -0.2977106266
0.009125621053 0.3053488847 0.2577154354 -0.3191170095
0.009052943859 0.3020418362 0.2572016156 -0.3395980012
0.008979289353 0.2987326935 0.256701898 -0.3587155745
0.008904922762 0.295422036 0.2562127283 -0.3758295854
0.008830026185 0.2921102862 0.2557314013 -0.3900276533
0.008754723452 0.2887977554 0.2552558594 -0.4001605125
0.008679097797 0.2854846743 0.2547845376 -0.4051008691
0.008603204388 0.2821712148 0.254316247 -0.4040335997
0.008527079156 0.2788575061 0.2538500848 -0.4046825265
0.008450745006 0.2755436448 0.2533853666 -0.4125039551
0.008374216141 0.2722297037 0.2529215743 -0.4281469939
0.008297501054 0.2689157375 0.2524583169 -0.4516745557
0.008220604577 0.2656017874 0.2519952999 -0.4814833825
0.008143529262 0.2622878841 0.2515323032 -0.5147757583
0.008066276292 0.2589740504 0.2510691626 -0.5505327829
0.007988846072 0.2556603032 0.2506057574 -0.589037153
0.007911238596 0.2523466549 0.2501419996 -0.6308279557
0.007833453664 0.2490331143 0.2496778262 -0.6776819893
0.007755491008 0.2457196876 0.2492131938 -0.729952996
0.007677350352 0.2424063789 0.2487480731 -0.7839653735
0.007599031452 0.2390931909 0.2482824464 -0.8354478876
0.007520534118 0.2357801248 0.2478163044 -0.8843775957
0.007441858247 0.2324671812 0.2473496445 -0.9308446326
0.007363003854 0.2291543597 0.2468824688 -0.9750411838
0.007283971132 0.2258416597 0.2464147835 -1.017070051
0.00720476052 0.2225290797 0.245946598 -1.057085142
0.007125372783 0.2192166184 0.2454779237 -1.095308222
0.007045809103 0.2159042736 0.2450087742 -1.131954737
0.006966071165 0.2125920435 0.2445391643 -1.167181231
0.006886161231 0.2092799255 0.2440691105 -1.201178523
0.006806082188 0.2059679173 0.2435986301 -1.234055893
0.00672583757 0.2026560161 0.2431277416 -1.266001997
0.00664543152 0.1993442191 0.2426564645 -1.297097118
0.006564868708 0.1960325232 0.242184819 -1.327452718
0.006484154181 0.1927209255 0.2417128264 -1.357094582
0.006403293161 0.1894094225 0.2412405089 -1.386079712
0.00632229078 0.1860980107 0.2407678897 -1.414430525
0.006241151768 0.1827866868 0.2402949929 -1.44216979
0.006159880124 0.1794754468 0.2398218435 -1.469323255
0.006078478773 0.1761642871 0.2393484678 -1.495939029
0.005996949258 0.1728532035 0.238874893 -1.522063231
0.005915291491 0.1695421921 0.2384011474 -1.547714706
0.005833503591 0.1662312485 0.2379272605 -1.572950336
0.005751581859 0.1629203684 0.2374532632 -1.597768556
0.005669520904 0.1596095473 0.2369791875 -1.622234216
0.00558731394 0.1562987805 0.236505067 -1.646324514
0.005504953254 0.1529880629 0.2360309368 -1.670043774
0.005422430847 0.1496773895 0.2355568342 -1.693284243
0.00533973919 0.1463667547 0.2350827985 -1.716010764
0.005256872051 0.1430561525 0.2346088721 -1.738194587
0.005173825313 0.1397455763 0.2341351007 -1.75994247
0.005090597671 0.1364350189 0.2336615346 -1.781311298
0.005007191083 0.1331244721 0.2331882297 -1.802453482
0.004923610847 0.1298139268 0.2327152491 -1.823422355
0.004839865147 0.1265033722 0.2322426654 -1.844352649
0.004755963927 0.1231927961 0.231770563 -1.865271342
0.004671916961 0.1198821838 0.2312990414 -1.886289192
0.004587731009 0.1165715182 0.2308282195 -1.907420852
0.00450340599 0.1132607791 0.2303582411 -1.928693951
0.004418930126 0.109949942 0.2298892806 -1.950051551
0.004334274111 0.1066389775 0.229421552 -1.971476794
0.004249384366 0.1033278502 0.2289553187 -1.992965779
0.004164175545 0.1000165173 0.2284909065 -2.014537555
0.004078522508 0.09670492616 0.2280287196 -2.036209746
0.003992252002 0.09339301303 0.2275692608 -2.057957274
0.003905134349 0.09008069967 0.2271131575 -2.07981604
0.003816875407 0.0867678903 0.2266611937 -2.101780881
0.003727108995 0.08345446773 0.226214351 -2.123942515
0.003635389863 0.08014028888 0.2257738608 -2.146325184
0.003541187007 0.07682517985 0.2253412703 -2.169050686
0.003443876819 0.07350893094 0.2249185264 -2.192157883
0.003342735056 0.07019129217 0.2245080823 -2.215764377
0.003236926023 0.06687197083 0.2241130338 -2.239891678
0.003125486669 0.06355063334 0.2237372918 -2.264593166
0.003007302567 0.06022691577 0.2233858028 -2.289884677
0.00288107216 0.0569004503 0.2230648297 -2.31571146
0.002745255361 0.05357091984 0.2227823083 -2.342017243
0.002598002992 0.05023816113 0.2225483004 -2.368661475
0.002437065142 0.04690235014 0.2223755658 -2.395508315
0.00225968016 0.04356432407 0.2222802772 -2.422330989
0.002062452833 0.0402261283 0.2222829012 -2.448922353
0.001841242464 0.03689192758 0.2224092505 -2.475071252
0.001591123759 0.033569784 0.2226916507 -2.500412031
0.001318936996 0.03027176906 0.2231579331 -2.524590092
0.00107317177 0.02699562721 0.2237680908 -2.547159956
0.0009137096877 0.02373072285 0.2244612846 -2.567309614
0.0009029617177 0.02046762415 0.2251790732 -2.583906792
0.001099818407 0.01720253348 0.2258549337 -2.595646601
0.001529050957 0.01393704036 0.2264045199 -2.602102758
0.002178381793 0.01067957253 0.2267366706 -2.607277842
0.002999285054 0.007444850113 0.2267708052 -2.630164307
0.003921510245 0.00425503668 0.2264389357 -2.660780802
0.004866699197 0.001147139953 0.2256776773 -2.694207316
0.005748229209 -0.001816872299 0.2244303725 -2.728322396
0.006516129808 -0.004568728684 0.2227125137 -2.762007309
0.007158396738 -0.007061391729 0.2205937289 -2.794811705
0.007668887511 -0.00926388374 0.2181432132 -2.826643179
0.008046329165 -0.01115925837 0.2154260558 -2.857768402
0.00829312063 -0.01274157971 0.212501291 -2.888815526
0.008414280587 -0.01401312454 0.2094209911 -2.920708272
0.008416573876 -0.01498197 0.2062301015 -2.954510622
0.008307817508 -0.01566001982 0.2029667584 -2.991198516
0.008096350283 -0.01606145644 0.1996628913 -3.031402919
0.007790642968 -0.01620157169 0.1963449658 -3.075183914
0.007399024687 -0.01609591584 0.1930347677 -3.121896074
0.006929502781 -0.01575970385 0.1897501684 -3.170190325
0.006389656132 -0.01520742292 0.1865058331 -3.21816863
0.005786584888 -0.01445259401 0.1833138552 -3.263670193
0.005126902311 -0.01350764804 0.1801843091 -3.304631052
0.004416756918 -0.01238388579 0.1771257218 -3.33943493
0.003661875239 -0.01109149737 0.1741454699 -3.367171865
0.002867617377 -0.009639622725 0.1712501087 -3.387745101
0.002039036186 -0.008036433751 0.1684456326 -3.401727058
0.001180991634 -0.006287965266 0.1657367035 -3.405176635
0.0003609150247 -0.004330106823 0.1631631418 -3.397913345
-0.0003502596513 -0.002107290241 0.1607802447 -3.378318005
-0.0008762489855 0.0004169773744 0.1586657598 -3.346626574
-0.00113905462 0.003247575712 0.1569234474 -3.299471551
-0.001105957922 0.006345269533 0.1556924341 -3.229443816
-0.0008050916176 0.009612835209 0.1551089079 -3.136442921
-0.000305926833 0.01290310268 0.1552755281 -3.026349181
0.0003041178348 0.01602993421 0.1562492328 -2.92414302
0.0009229243027 0.01878141573 0.1580213669 -2.898996802
0.001453369761 0.02095677709 0.1604880705 -3.00975287
0.001845333049 0.02241850124 0.1634570088 -3.291891732
0.002084998184 0.02310536382 0.1667098099 -3.74874385
0.002172708959 0.02301894727 0.1700414226 -4.340975972
0.002119713698 0.02220716319 0.1732752105 -4.973465341
0.001944628826 0.02074726382 0.1762686939 -5.544658787
0.001670389864 0.01873181253 0.1789122947 -6.009434764
0.001322046035 0.01625911451 0.1811241947 -6.364061151
0.0009254153289 0.01342808766 0.1828439324 -6.622528988
0.0005064331076 0.01033678831 0.184026537 -6.797632087
9.095978502e-05 0.007083580961 0.1846382777 -6.891635695
-0.0002951959883 0.003769964845 0.18465464 -6.893314073
-0.0006262768579 0.0005041172039 0.1840608934 -6.779471269
-0.0008768390634 -0.002595849921 0.1828554796 -6.52175498
-0.001022524539 -0.005400139653 0.1810562511 -6.106199416
-0.001041576118 -0.007768559902 0.1787091642 -5.560932713
-0.0009172452423 -0.009556595641 0.1758982081 -4.977668302
-0.0006410260729 -0.01062774689 0.1727541267 -4.467736559
-0.000216267652 -0.01087242074 0.1694581675 -4.081147711
0.0003386680755 -0.01023138699 0.1662370547 -3.820169356
0.0009611699024 -0.008741467414 0.1633240085 -3.676808768
0.001547141094 -0.006539007019 0.1608942055 -3.608453278
0.002001865065 -0.003797350312 0.1590557793 -3.535545798
0.002245651741 -0.0006992664942 0.1578514473 -3.42756182
0.00221627864 0.00258251957 0.1572687082 -3.339338791
0.0018918387 0.0059004915 0.1572428768 -3.281317212
0.001311357532 0.009155651106 0.1576749792 -3.246013233
0.0005563077455 0.01230435208 0.1584752441 -3.229193147
-0.0002948306681 0.01534207729 0.1595598429 -3.227336
-0.001168829031 0.01829009749 0.1608529397 -3.234586849
-0.002011414032 0.02116593619 0.1623154521 -3.245909432
-0.002818231362 0.02396108508 0.1639450559 -3.260508029
-0.003584551672 0.02666563363 0.1657388412 -3.277583716
-0.00430553167 0.02926915645 0.1676936867 -3.296321974
-0.004976179576 0.0317605965 0.1698061688 -3.315922228
-0.005591322983 0.03412814517 0.1720724389 -3.335661568
-0.006145581785 0.03635912278 0.1744880615 -3.354973757
-0.006633349725 0.03843986478 0.1770478073 -3.373518194
-0.007048789066 0.04035562118 0.1797453935 -3.3912147
-0.007385843999 0.04209047909 0.1825731655 -3.408229355
-0.007638279584 0.04362732191 0.185521713 -3.424911309
-0.007799754231 0.04494784243 0.1885794179 -3.441695501
-0.007863934911 0.04603263181 0.19173193 -3.458996092
-0.007824665242 0.04686137208 0.1949615768 -3.477116835
-0.007676197241 0.047413165 0.198246715 -3.496197722
-0.007413497494 0.04766703642 0.2015610458 -3.516205555
-0.007032637437 0.04760265963 0.2048729273 -3.536963961
-0.006531274811 0.04720134401 0.2081447375 -3.558209526
-0.00590922836 0.04644733292 0.2113323656 -3.579656696
-0.005169139435 0.045329445 0.2143849385 -3.6010547
-0.004317201206 0.04384306997 0.217244924 -3.622224058
-0.003363917213 0.04199248882 0.2198487867 -3.643066887
-0.002324825407 0.03979342173 0.2221283974 -3.663552594
-0.001221092199 0.03727561203 0.2240134005 -3.683686295
-7.977533374e-05 0.03448495651 0.2254347922 -3.70329862
0.001059775799 0.03148463227 0.2263400539 -3.722217814
0.002129519001 0.02835234374 0.2267580774 -3.740517989
0.003060719584 0.02514817661 0.2267713707 -3.757894504
0.003794124007 0.02190686326 0.226466539 -3.773838603
0.004279672099 0.01864795193 0.2259322047 -3.789660793
0.004495055702 0.01538386151 0.2252625504 -3.805395499
0.004460577505 0.01212082618 0.2245505413 -3.820918195
0.004228099744 0.008857937131 0.2238715617 -3.83612782
0.003872170017 0.005589501675 0.2232763272 -3.851029295
0.003468736684 0.002306045685 0.2228074635 -3.86559008
0.003092857158 -0.001001477293 0.2225112747 -3.87987299
0.002785603443 -0.004329075635 0.2224013168 -3.893866121
0.002534764107 -0.007663137381 0.2224391986 -3.907635323
0.002329907332 -0.01099706542 0.2225939594 -3.921314097
0.002162404013 -0.01432759669 0.2228409664 -3.934972411
0.002025189778 -0.01765338138 0.22316074 -3.948700214
0.0019125069 -0.02097412153 0.2235379306 -3.962594591
0.001819665532 -0.02429006029 0.2239604678 -3.976717525
0.001742839897 -0.02760168701 0.2244188706 -3.991176752
0.001678902483 -0.03090957277 0.2249056944 -4.006020191
0.001625293061 -0.03421428355 0.2254150914 -4.021370561
0.001579916711 -0.03751633855 0.2259424637 -4.037272953
0.001541064424 -0.04081619384 0.226484189 -4.053838761
0.001507350397 -0.04411423989 0.2270374058 -4.071140496
0.001477661143 -0.04741080569 0.2275998455 -4.089258015
0.001451112772 -0.05070616589 0.2281697011 -4.108262044
0.001427013937 -0.05400054856 0.2287455267 -4.128206472
0.001404832929 -0.05729414263 0.2293261594 -4.149147227
0.001384168112 -0.06058710435 0.2299106596 -4.171112339
0.001364721408 -0.06387956288 0.2304982652 -4.194119023
0.001346274831 -0.06717162478 0.231088357 -4.218148976
0.00132867015 -0.07046337779 0.2316804312 -4.243177785
0.001311791796 -0.07375489387 0.2322740787 -4.269179434
0.001295553002 -0.07704623175 0.232868968 -4.296176809
0.001279885084 -0.08033743905 0.2334648317 -4.32416812
0.001264729628 -0.08362855421 0.2340614552 -4.353145585
0.001250033247 -0.08691960801 0.2346586667 -4.383082429
0.001235744502 -0.09021062508 0.2352563293 -4.413947921
0.001221812538 -0.09350162512 0.2358543335 -4.445737413
0.00120818698 -0.09679262401 0.236452591 -4.478389145
0.001194818664 -0.1000836348 0.2370510294 -4.511883462
0.001181660812 -0.1033746684 0.2376495878 -4.546080348
0.001168670349 -0.1066657345 0.238248213 -4.580894011
0.001155809107 -0.1099568417 0.238846857 -4.616134657
0.00114304475 -0.1132479982 0.2394454744 -4.651703804
0.001130351331 -0.1165392121 0.2400440214 -4.687350237
0.001117709432 -0.119830491 0.2406424546 -4.722858772
0.001105105914 -0.1231218431 0.241240731 -4.757893674
0.001092533327 -0.1264132761 0.2418388071 -4.792304043
0.001079989059 -0.1297047978 0.2424366401 -4.825855802
0.001067474318 -0.1329964162 0.2430341874 -4.858370336
0.001054993039 -0.1362881387 0.2436314074 -4.889464975
0.001042550807 -0.1395799727 0.2442282598 -4.918791266
0.001030153868 -0.1428719253 0.2448247062 -4.945957673
0.001017808279 -0.146164003 0.2454207098 -4.970582949
0.001005519249 -0.1494562122 0.2460162362 -4.992285971
0.0009932906681 -0.1527485586 0.2466112531 -5.010643665
0.0009811248406 -0.1560410477 0.2472057304 -5.025206141
0.0009690223961 -0.1593336844 0.24779964 -5.035414441
0.0009569823585 -0.1626264734 0.248392956 -5.040709235
0.0009450023339 -0.165919419 0.2489856538 -5.040581306
0.0009330787815 -0.1692125252 0.2495777106 -5.034433895
0.0009212073278 -0.1725057957 0.2501691049 -5.02164884
0.0009093830895 -0.1757992341 0.2507598162 -5.001634936
0.000897600974 -0.1790928437 0.2513498255 -4.973893638
0.0008858559318 -0.1823866275 0.2519391144 -4.937973927
0.0008741431449 -0.1856805886 0.2525276659 -4.893186251
0.0008624581388 -0.1889747294 0.2531154642 -4.834940572
0.0008507968134 -0.1922690524 0.2537024952 -4.754217921
0.0008391553935 -0.1955635596 0.2542887467 -4.649520533
0.0008275303028 -0.1988582524 0.2548742091 -4.521795471
0.0008159179666 -0.2021531317 0.2554588764 -4.37116972
0.0008043145508 -0.2054481977 0.256042747 -4.197426014
0.0007927156426 -0.2087434493 0.2566258253 -3.999463874
0.0007811158765 -0.2120388842 0.2572081233 -3.773338197
0.000769508507 -0.2153344983 0.2577896633 -3.510459272
0.0007578849231 -0.218630285 0.2583704811 -3.197784683
0.000746234098 -0.2219262349 0.2589506294 -2.820319404
0.0007345419602 -0.2252223345 0.2595301841 -2.368358997
0.0007227906687 -0.2285185651 0.2601092503 -1.846097228
0.0007109577691 -0.2318149013 0.2606879718 -1.267894219
0.0006990152059 -0.2351113088 0.261266543 -0.6546313378
0.0006869281587 -0.2384077421 0.2618452238 -0.2771523186
0.000674653676 -0.24170414 0.26242436 -0.04607000302
0.0006621390744 -0.2450004218 0.2630044098 0.09788140082
0.0006493200842 -0.2482964803 0.2635859776 0.1898593151
0.000636118732 -0.2515921735 0.2641698601 0.2500461093
0.0006224409744 -0.2548873127 0.2647571046 0.2895948366
0.0006081741396 -0.2581816468 0.2653490869 0.3154255061
0.0005931842919 -0.2614748401 0.2659476134 0.3315521017
0.0005773137353 -0.2647664418 0.2665550541 0.3402844909
0.0005603790163 -0.2680558415 0.2671745174 0.3429399794
0.0005421700124 -0.2713422059 0.2678100792 0.3402662741
0.0005224510228 -0.2746243856 0.2684670818 0.3327059235
0.0005009652758 -0.2779007745 0.2691525226 0.3205722724
0.0004774450078 -0.2811690966 0.2698755596 0.3041701183
0.0004516303705 -0.284426074 0.2706481595 0.2838730624
0.0004233020729 -0.2876669045 0.2714859223 0.2601603244
0.0003923351264 -0.2908844269 0.2724091041 0.2336157009
0.0003587846905 -0.2940677788 0.2734438399 0.2048969101
0.0003230202136 -0.2972002239 0.2746234923 0.1746905042
0.0002859308965 -0.3002556538 0.2759898863 0.1436717422
0.000249232575 -0.3031930321 0.2775938108 0.1124877134
0.000215907163 -0.3059478689 0.2794933751 0.08177538294
0.0001907812813 -0.3084200379 0.2817473018 0.05221603437
0.0001811513899 -0.3104589006 0.2843977865 0.02461670894
0.0001970940007 -0.3118519582 0.2874350062 0
0.0002520368578 -0.312348002 0.2908276118 0
