0.008471732722 0.3485627425 0.05158663447 0
0.008876364447 0.3474725916 0.04831017687 0.0003643037251
0.00916410247 0.3455610163 0.04555893948 0.0007161533204
0.00940318811 0.3433423807 0.04303537636 0.001059569161
0.009596967116 0.3408786427 0.04073962437 0.001398645486
0.00974973382 0.3382266142 0.03866701597 0.001742001482
0.009866654127 0.335424665 0.03679984768 0.002093886422
0.009952469644 0.3325050139 0.03512028092 0.002454417297
0.01001148584 0.3294935237 0.03361024036 0.002820807272
0.01004750155 0.3264101611 0.03225191896 0.003188948171
0.01006382902 0.323270563 0.031028408 0.003554820326
0.01006336628 0.3200869563 0.02992398399 0.003915447599
0.01004866047 0.3168688548 0.02892428629 0.004269079614
0.01002193888 0.3136236479 0.0280163927 0.004614733396
0.009985100582 0.3103570812 0.02718874392 0.00495188664
0.009939757301 0.3070736308 0.02643104267 0.005280603908
0.009887320686 0.3037767721 0.02573426953 0.005601562871
0.00982903982 0.3004691888 0.02509064304 0.005915695504
0.009765961837 0.2971529553 0.02449350067 0.006223799837
0.009698897678 0.2938297082 0.02393702987 0.006526520804
0.009628481111 0.290500746 0.02341614939 0.006824476158
0.009555207721 0.287167104 0.02292641617 0.00711829418
0.009479468498 0.2838296117 0.02246394563 0.007408619988
0.009401575439 0.2804889365 0.02202534312 0.007696082607
0.009321780605 0.277145618 0.02160764444 0.007981313029
0.009240290299 0.2738000938 0.0212082636 0.008264938777
0.00915727552 0.2704527204 0.02082494713 0.008547527031
0.009072879725 0.2671037895 0.02045573376 0.008829535467
0.008987224671 0.2637535401 0.02009891918 0.009111276713
0.008900414876 0.2604021693 0.01975302499 0.009392937885
0.008812541083 0.2570498394 0.01941677151 0.009674606172
0.008723682989 0.2536966846 0.01908905391 0.009956291093
0.008633911435 0.2503428162 0.0187689211 0.01023794479
0.008543290166 0.2469883261 0.01845555723 0.01051948043
0.008451877248 0.2436332908 0.01814826526 0.01080078823
0.008359726201 0.2402777733 0.01784645231 0.01108174884
0.008266886877 0.2369218259 0.01754961668 0.01136224385
0.008173406121 0.2335654915 0.01725733616 0.01164216351
0.008079328229 0.2302088056 0.0169692576 0.01192141188
0.007984695245 0.2268517974 0.0166850875 0.01219990927
0.00788954711 0.2234944905 0.01640458355 0.01247758692
0.007793921703 0.2201369045 0.01612754703 0.01275440708
0.007697854807 0.2167790551 0.01585381611 0.01303034107
0.007601380027 0.2134209554 0.01558325979 0.01330537014
0.007504528692 0.2100626159 0.01531577268 0.01357947273
0.007407329775 0.2067040452 0.01505127049 0.01385263899
0.007309809845 0.2033452506 0.01478968618 0.01412486532
0.007211993083 0.1999862381 0.01453096687 0.01439617442
0.007113901361 0.1966270127 0.01427507136 0.01466656952
0.007015554406 0.1932675787 0.01402196835 0.01493606262
0.006916970041 0.1899079395 0.01377163531 0.01520466923
0.006818164505 0.1865480982 0.01352405786 0.01547241964
0.006719152842 0.1831880572 0.01327922982 0.01573933974
0.006619949347 0.1798278181 0.01303715373 0.01600545423
0.006520568042 0.1764673821 0.01279784181 0.01627079201
0.006421023176 0.1731067495 0.01256131739 0.01653539647
0.006321329702 0.1697459197 0.01232761666 0.01679932983
0.006221503703 0.1663848913 0.0120967908 0.01706266659
0.006121562746 0.1630236617 0.01186890832 0.01732547264
0.006021526094 0.1596622271 0.01164405762 0.01758777913
0.005921414766 0.1563005825 0.0114223499 0.01784957978
0.005821251371 0.1529387213 0.01120392206 0.01811084006
0.0057210597 0.1495766355 0.01098893999 0.01837150166
0.005620864029 0.1462143157 0.01077760199 0.01863148626
0.005520688117 0.1428517508 0.01057014242 0.01889069833
0.005420553911 0.1394889282 0.01036683572 0.01914903582
0.00532047997 0.1361258337 0.01016800076 0.01940640826
0.005220479673 0.1327624518 0.009974005609 0.01966274297
0.005120559291 0.1293987658 0.009785272946 0.01991797899
0.005020716019 0.1260347578 0.009602286065 0.02017208577
0.004920936058 0.1226704092 0.009425595828 0.02042506985
0.004821192863 0.1193057013 0.009255828671 0.02067695798
0.004721445593 0.1159406152 0.009093695965 0.02092772761
0.004621637796 0.1125751334 0.008940005031 0.02117737008
0.004521696321 0.1092092399 0.00879567214 0.02142586043
0.004421530381 0.1058429222 0.008661737887 0.02167318816
0.004321030695 0.1024761728 0.008539385311 0.02191927768
0.004220068591 0.09910899186 0.008429961225 0.02216399845
0.004118494962 0.09574139024 0.008335001178 0.02240714087
0.004016138964 0.09237339445 0.008256258558 0.0226484036
0.003912806362 0.08900505274 0.008195738376 0.02288739981
0.003808277432 0.08563644352 0.008155736306 0.02312364733
0.003702304358 0.08226768675 0.00813888365 0.02335653962
0.003594608062 0.07889895933 0.008148198925 0.02358534169
0.003484874446 0.07553051558 0.008187146872 0.02380911492
0.00337275001 0.07216271476 0.008259705703 0.0240266895
0.003257836855 0.06879605783 0.008370443459 0.02423642398
0.003139687129 0.06543123624 0.008524604288 0.02443607527
0.003017797004 0.06206919697 0.008728205383 0.02462255559
0.00289160043 0.05871122868 0.008988144997 0.02479161372
0.002760463068 0.05535907562 0.009312321478 0.02493750149
0.002623677239 0.05201508816 0.009709762352 0.02505226839
0.002480459372 0.048682421 0.01019076097 0.02512529215
0.002329952538 0.04536529312 0.01076701569 0.02514258347
0.002171238006 0.0420693197 0.01145176413 0.02508498774
0.002003365631 0.03880196163 0.01225989633 0.02492533168
0.001825428532 0.03557324261 0.01320797527 0.02461849728
0.001638161103 0.03239543976 0.01431291581 0.02426476012
0.001483211092 0.02926369736 0.01554799002 0.02395248121
0.00141215105 0.02616609561 0.01687363093 0.02364586329
0.001478342268 0.02309062985 0.01824960996 0.02320402952
0.001736491211 0.02002834917 0.01963157264 0.02248346989
0.002237476357 0.01697461771 0.02096383085 0.02147198292
0.003017322209 0.01392888525 0.02217434737 0.02028921061
0.00408700743 0.01089595801 0.02318002101 0.01904743215
0.005429877171 0.007888294449 0.02389693494 0.01777899495
0.007002422272 0.004925833821 0.02424950338 0.01650081444
0.008738023447 0.002033523479 0.02417695727 0.01529660712
0.01055260771 -0.0007610357869 0.02363659146 0.01428885995
0.01235354748 -0.003425961266 0.02260603743 0.01355935225
0.01404433859 -0.005923131826 0.0210805306 0.01315824461
0.01552623351 -0.008208921215 0.01907445751 0.0131078459
0.0167029544 -0.01023395795 0.0166300514 0.01339636828
0.01750175989 -0.01194989673 0.01382577221 0.01391855482
0.01790527198 -0.01332432979 0.01076386187 0.01443194262
0.01793244879 -0.01434469889 0.007545156071 0.01474615288
0.01760837183 -0.01501542046 0.004254941144 0.01481595563
0.01696411596 -0.01535378156 0.0009632462446 0.01463547576
0.01603546765 -0.01538635533 -0.002274820847 0.01420114896
0.01486102149 -0.01514652169 -0.00542077157 0.01354495675
0.01347648804 -0.0146732172 -0.008450782818 0.01279236022
0.01191211635 -0.01400874123 -0.01135317994 0.01212077857
0.01019065999 -0.01319612489 -0.01412568996 0.01168881259
0.008330117846 -0.01227741613 -0.01677048867 0.01156262868
0.006345353162 -0.01129239757 -0.01929474281 0.01169296852
0.0042411847 -0.01027395504 -0.02172079051 0.01235202345
0.002103864127 -0.009182048939 -0.02409190162 0.01326032704
5.006204581e-05 -0.007928718592 -0.02645651833 0.01360253544
-0.00179674266 -0.006411797037 -0.0288420424 0.01292873676
-0.003312742082 -0.004532373205 -0.03121276061 0.01143397553
-0.004389245208 -0.002229538058 -0.03346243339 0.009707288907
-0.004951704555 0.0004916199495 -0.03543146627 0.008286610186
-0.004967050674 0.003549949118 -0.03694399836 0.007142299642
-0.004448550341 0.006803206042 -0.03784943795 0.005839032107
-0.003456994694 0.01007144899 -0.03803630104 0.004231915935
-0.002100329878 0.01315787268 -0.03744173154 0.002664850222
-0.0005204258079 0.01586546633 -0.03606093259 0.001440816241
0.001125000263 0.0180113175 -0.03395097935 0.0005391817046
0.002668395385 0.01943975511 -0.03123468344 -0.00018802034
0.003941144246 0.02004167331 -0.0281016153 -0.0007658290787
0.004822977333 0.01979734014 -0.02479662115 -0.001171886914
0.005290238728 0.01878980691 -0.02156611986 -0.001405875794
0.005380588995 0.01715100322 -0.01858273408 -0.001440171606
0.005157347565 0.01501737624 -0.01594195526 -0.001250398267
0.004689534971 0.012508935 -0.01368861196 -0.0008535513311
0.004042057877 0.009721190603 -0.01183872428 -0.0002949764127
0.003273408555 0.00672710444 -0.0103979748 0.000339115959
0.002436776326 0.003582730239 -0.009372238773 0.0009311193009
0.001582351957 0.0003347488864 -0.008774228585 0.001347843227
0.0007603198383 -0.002970881799 -0.008626978781 0.001458735174
2.390529055e-05 -0.006279466927 -0.008964141212 0.001166824654
-0.0005683410146 -0.009517604999 -0.009826693692 0.0004853145944
-0.0009524375387 -0.01258202342 -0.01125393418 -0.0003908501501
-0.001061650033 -0.01533229507 -0.01326579741 -0.001104360302
-0.0008339037548 -0.01758725165 -0.01583023472 -0.001507062172
-0.0002245380884 -0.01914110405 -0.01882653138 -0.001816978832
0.0007316729945 -0.01983780003 -0.02205226565 -0.002330169184
0.001921270814 -0.0196098434 -0.02526446618 -0.003002114959
0.003199627674 -0.01847784468 -0.02823682105 -0.003612985264
0.00442170338 -0.01653468921 -0.03078011914 -0.00398384676
0.005449438302 -0.01393212369 -0.03275057716 -0.004105794679
0.006169931972 -0.01085745656 -0.03405793126 -0.004291351493
0.006497133608 -0.007512418519 -0.0346632633 -0.005031971709
0.006380615549 -0.004105018374 -0.03458747414 -0.006482945121
0.005802090185 -0.000821216858 -0.03391413715 -0.0082321596
0.004786863149 0.002208089184 -0.03277665272 -0.009655069013
0.003401427826 0.004933849668 -0.03132781578 -0.01031571381
0.001745904793 0.007391061777 -0.02969904667 -0.01020028202
-6.506770596e-05 0.009669634264 -0.02797706058 -0.009744352736
-0.001915620489 0.01187787078 -0.02620634631 -0.009515523792
-0.00368971824 0.01411064895 -0.02441781087 -0.00942130738
-0.005357998297 0.01638873509 -0.02259150039 -0.009370881545
-0.006915424988 0.01869924085 -0.02070632519 -0.009383417812
-0.008352169131 0.02102504821 -0.01874537536 -0.009467295224
-0.009656899421 0.02334913376 -0.01669233499 -0.009618087039
-0.01081596127 0.02565304861 -0.0145316597 -0.009815433809
-0.0118129282 0.02791587416 -0.01224965436 -0.01002812102
-0.01262863127 0.03011379355 -0.009835452137 -0.01022322413
-0.01324121576 0.03221950089 -0.007282141887 -0.0103770303
-0.01362593781 0.03420164446 -0.004588151404 -0.01049008692
-0.01375549938 0.03602419642 -0.001758970483 -0.01058578001
-0.01360162975 0.03764525649 0.001191003375 -0.01066549005
-0.01313856917 0.0390163484 0.004236273074 -0.01069735291
-0.01234521414 0.04008445417 0.007337157015 -0.01066385863
-0.01120781299 0.04079607868 0.01043677231 -0.01061732549
-0.009724374932 0.04110097946 0.01345946774 -0.01057853604
-0.007912211606 0.04095480207 0.01631430207 -0.01043190626
-0.005810468777 0.04032544545 0.01889793909 -0.01009046909
-0.003482499574 0.03920666344 0.02109734261 -0.009812498708
-0.001011022188 0.03762862413 0.02280458033 -0.01008956291
0.001495411692 0.0356560186 0.02396005263 -0.01103724581
0.003917814115 0.03337045771 0.02457050145 -0.01246785934
0.006161413823 0.03084352922 0.024677894 -0.01419655633
0.008152228722 0.0281349566 0.02433903363 -0.01608930449
0.009830563336 0.02529509099 0.02362050546 -0.01803338276
0.01115075017 0.02236358475 0.02259677548 -0.01990841329
0.01208253628 0.01937172323 0.02134932295 -0.02158956631
0.01261854983 0.01634359488 0.01996611354 -0.02298073116
0.01277920723 0.01329510918 0.01853434164 -0.02405044943
0.01261055 0.01023441199 0.01713009437 -0.02483959711
0.01217490641 0.007163995674 0.01580782309 -0.02542504714
0.01154110196 0.004081857371 0.01459812053 -0.02587838925
0.01077748417 0.0009826269014 0.01351323938 -0.02624565634
0.009948455938 -0.002141800824 0.01255573473 -0.02653746057
0.009114922979 -0.005301162373 0.01172554532 -0.02669374869
0.008335230239 -0.008503764345 0.01102239916 -0.02659112043
0.007645537648 -0.01174972737 0.01043916668 -0.02636366891
0.007035865789 -0.01502910596 0.009961466042 -0.02605427856
0.006496928667 -0.0183331001 0.009576560353 -0.025694253
0.006020288183 -0.02165515668 0.009273084878 -0.02530629461
0.005598372538 -0.02499039482 0.009040994045 -0.02490647921
0.005224445383 -0.0283351516 0.00887145087 -0.02450568615
0.004892543861 -0.03168669422 0.008756706604 -0.02411105643
0.004597410298 -0.0350429941 0.008689984302 -0.02372703878
0.004334422572 -0.03840255257 0.008665368675 -0.0233561589
0.004099526448 -0.04176426871 0.008677704466 -0.02299962479
0.003889171956 -0.0451273392 0.008722504223 -0.02265749951
0.003700254792 -0.04849118265 0.008795865505 -0.02232901956
0.003530063125 -0.05185538252 0.00889439712 -0.02201288168
0.003376229798 -0.05521964418 0.009015153747 -0.02170765673
0.003236689699 -0.05858376275 0.009155578219 -0.02141191336
0.003109641951 -0.061947599 0.009313450725 -0.02112428288
0.002993516534 -0.06531106145 0.009486844204 -0.02084352025
0.002886944897 -0.06867409302 0.009674085283 -0.02056855349
0.00278873417 -0.07203666122 0.009873720156 -0.02029846279
0.002697844581 -0.07539875085 0.01008448486 -0.02003245357
0.002613369715 -0.07876035873 0.01030527946 -0.01976982464
0.002534519287 -0.0821214898 0.01053514573 -0.01950994699
0.002460604131 -0.08548215433 0.01077324795 -0.01925227188
0.002391023137 -0.08884236588 0.01101885634 -0.0189963239
0.002325251896 -0.09220213985 0.01127133304 -0.01874169076
0.00226283283 -0.09556149243 0.01153012014 -0.01848804675
0.002203366635 -0.0989204399 0.01179472948 -0.01823515082
0.00214650485 -0.1022789981 0.01206473418 -0.01798281855
0.002091943413 -0.1056371819 0.01233976138 -0.0177309019
0.002039417074 -0.1089950053 0.01261948615 -0.01747929037
0.001988694559 -0.112352481 0.01290362631 -0.01722791702
0.001939574367 -0.1157096202 0.01319193805 -0.01697675359
0.001891881133 -0.1190664327 0.01348421199 -0.01672580901
0.001845462475 -0.122422927 0.01378026987 -0.01647512422
0.001800186251 -0.12577911 0.01407996139 -0.01622476354
0.001755938174 -0.1291349873 0.0143831614 -0.01597480065
0.001712619737 -0.132490563 0.01468976723 -0.01572525913
0.001670146398 -0.1358458401 0.01499969617 -0.01547599478
0.001628445997 -0.1392008202 0.01531288301 -0.01522678312
0.001587457375 -0.1425555042 0.01562927778 -0.0149774177
0.00154712917 -0.1459098916 0.01594884353 -0.01472775158
0.001507418772 -0.1492639814 0.01627155439 -0.01447772353
0.001468291422 -0.1526177719 0.01659739376 -0.01422733731
0.001429719444 -0.1559712606 0.0169263529 -0.01397662463
0.001391681573 -0.1593244444 0.01725842983 -0.01372562637
0.001354162393 -0.1626773199 0.0175936287 -0.0134743933
0.001317151832 -0.166029883 0.01793195971 -0.01322297806
0.001280644703 -0.169382129 0.01827343964 -0.01297142596
0.001244640261 -0.1727340523 0.01861809308 -0.01271978583
0.001209141732 -0.1760856464 0.01896595443 -0.01246813529
0.001174155774 -0.1794369032 0.01931707073 -0.01221655071
0.001139691827 -0.182787813 0.01967150535 -0.01196511067
0.001105761297 -0.1861383636 0.02002934263 -0.01171386351
0.001072376532 -0.1894885395 0.02039069344 -0.01146291061
0.001039549539 -0.1928383215 0.02075570176 -0.01121231508
0.001007290415 -0.1961876852 0.02112455217 -0.0109621974
0.0009756054828 -0.1995366001 0.02149747842 -0.01071262831
0.0009444951417 -0.2028850282 0.02187477291 -0.01046373407
0.0009139514993 -0.2062329223 0.0222567973 -0.01021550354
0.0008839558719 -0.2095802241 0.02264399408 -0.009967886761
0.0008544763039 -0.2129268623 0.02303689924 -0.00972075723
0.0008254652864 -0.2162727497 0.02343615611 -0.009474018633
0.0007968578996 -0.2196177803 0.02384253034 -0.009227496115
0.0007685706474 -0.2229618261 0.02425692618 -0.008980913535
0.0007405012985 -0.226304732 0.02468040413 -0.008733917877
0.0007125299513 -0.2296463114 0.02511420028 -0.008486000769
0.0006845226535 -0.2329863396 0.02555974866 -0.00823658735
0.0006563479687 -0.236324542 0.02601872975 -0.007985007774
0.0006278911227 -0.2396605828 0.02649311066 -0.007730597284
0.0005990600999 -0.2429940518 0.02698517107 -0.007472664291
0.000569783459 -0.2463244516 0.02749751731 -0.007210496106
0.0005400132165 -0.2496511777 0.02803311344 -0.006943330936
0.0005097351918 -0.2529734921 0.02859533201 -0.006670372711
0.0004789759342 -0.2562904876 0.0291880242 -0.00639075444
0.0004478109791 -0.2596010322 0.02981564289 -0.006103536756
0.0004163711372 -0.2629036814 0.03048345047 -0.005807681517
0.0003848319373 -0.2661965825 0.03119764953 -0.005502144171
0.0003533917474 -0.269477376 0.03196541331 -0.00518608381
0.0003222540548 -0.2727430863 0.03279484375 -0.004859007913
0.000291632063 -0.275989959 0.03369502885 -0.004520935573
0.0002617595814 -0.2792132379 0.03467615958 -0.004172638163
0.0002328960796 -0.2824068761 0.03574964755 -0.003815885081
0.0002053406224 -0.2855631653 0.03692821403 -0.003453578007
0.0001794646286 -0.2886722718 0.03822592526 -0.003089774298
0.0001557335406 -0.2917216554 0.03965815974 -0.002729693377
0.0001347300561 -0.2946953191 0.04124148569 -0.002379230019
0.0001172213178 -0.29757284 0.04299338153 -0.002042813611
0.0001042950538 -0.3003283666 0.04493173726 -0.001719782049
9.740874576e-05 -0.3029294217 0.04707388443 -0.00140354612
9.811840202e-05 -0.305334134 0.04943382522 -0.00109088755
0.0001075705202 -0.3074927427 0.0520212563 -0.0007922218052
0.0001264630802 -0.309350482 0.05484404355 -0.0005174671277
0.0001559273332 -0.3108295502 0.05787448349 -0.0002596505197
0.0001970940007 -0.3118519582 0.06107735517 0
0.0002520368578 -0.312348002 0.06446996077 0
