-0.007760574168 0.3488671362 0.05420090904 0
-0.008068541451 0.3477773735 0.05091371064 -0.0003300659032
-0.00829832182 0.3458783399 0.04815877616 -0.000651472555
-0.008496030843 0.3436806364 0.04562953168 -0.0009797638868
-0.008663293641 0.3412430357 0.04332523338 -0.001311234272
-0.008802328958 0.3386144876 0.0412367722 -0.001643721648
-0.008915619515 0.3358348989 0.03935010018 -0.00197589309
-0.009005697236 0.3329363137 0.03764865717 -0.002306738157
-0.009075013201 0.3299441888 0.0361150055 -0.002635256905
-0.009125866531 0.3268785998 0.034731876 -0.002960296093
-0.00916037226 0.3237553019 0.03348279661 -0.003280485871
-0.009180453677 0.3205866239 0.03235243591 -0.003594239267
-0.009187849089 0.3173821995 0.03132675898 -0.003899787501
-0.009184126258 0.3141495546 0.03039306408 -0.004195234436
-0.009170700146 0.3108945723 0.02953994737 -0.004478619849
-0.00914885123 0.3076218577 0.02875722713 -0.004747985362
-0.009119742747 0.3043350232 0.02803584783 -0.005001438778
-0.009084435935 0.3010369095 0.02736777732 -0.005237213263
-0.009043902845 0.2977297568 0.02674590468 -0.005453718019
-0.00899903657 0.294415338 0.02616394361 -0.005649577598
-0.008950658942 0.2910950612 0.02561634342 -0.005823658221
-0.008899525889 0.2877700492 0.02509820872 -0.005975080738
-0.008846330708 0.2844412013 0.02460522794 -0.006103221967
-0.008791705575 0.2811092408 0.02413361013 -0.006207707859
-0.008736221627 0.277774752 0.02368002948 -0.006288402846
-0.008680387993 0.2744382095 0.02324157666 -0.00634539974
-0.008624650133 0.2710999997 0.02281571619 -0.006379013107
-0.008569387846 0.2677604388 0.02240024903 -0.006389776678
-0.008514913293 0.2644197862 0.02199327958 -0.006378442364
-0.008461469365 0.2610782547 0.02159318641 -0.006345975732
-0.008409228661 0.2577360186 0.02119859626 -0.006293541075
-0.008358293337 0.2543932205 0.02080836055 -0.006222469128
-0.008308696014 0.2510499757 0.02042153426 -0.006134202423
-0.008260401875 0.2477063765 0.02003735654 -0.006030216961
-0.008213312044 0.244362495 0.01965523301 -0.005911923754
-0.008167268248 0.2410183858 0.01927471928 -0.005780558913
-0.008122058727 0.2376740883 0.01889550562 -0.005637075151
-0.008077425292 0.2343296281 0.01851740269 -0.005482049927
-0.008033071371 0.2309850191 0.01814032799 -0.005315625118
-0.007988670853 0.2276402649 0.01776429312 -0.005137490075
-0.00794387748 0.2242953601 0.01738939177 -0.004946914493
-0.007898334556 0.2209502917 0.01701578818 -0.004742830611
-0.007851684669 0.2176050406 0.01664370632 -0.004523957093
-0.007803579179 0.2142595829 0.0162734195 -0.004288950816
-0.0077536872 0.2109138908 0.01590524053 -0.004036568786
-0.007701703824 0.207567934 0.01553951238 -0.003765821192
-0.007647357405 0.2042216807 0.01517659934 -0.003476098294
-0.007590415699 0.2008750986 0.01481687869 -0.003167257888
-0.007530690758 0.1975281557 0.0144607328 -0.002839665776
-0.007468042471 0.1941808209 0.01410854187 -0.002494187696
-0.007402380747 0.1908330649 0.01376067719 -0.002132136646
-0.007333666316 0.1874848606 0.01341749488 -0.00175518363
-0.007261910233 0.1841361834 0.01307933044 -0.001365242361
-0.007187172142 0.180787012 0.01274649378 -0.0009643392096
-0.007109557439 0.1774373277 0.01241926507 -0.0005544793955
-0.007029213456 0.1740871156 0.01209789131 -0.0001375194863
-0.006946324828 0.170736364 0.01178258371 0.0002849448716
-0.006861108179 0.1673850645 0.01147351601 0.0007116680971
-0.006773806298 0.1640332121 0.01117082366 0.001141813808
-0.006684681944 0.1606808049 0.01087460407 0.001574978371
-0.006594011396 0.1573278439 0.01058491793 0.002011175244
-0.006502077878 0.1539743327 0.01030179169 0.002450779429
-0.006409164948 0.1506202775 0.01002522127 0.002894435192
-0.00631554991 0.1472656863 0.009755177003 0.003342934613
-0.006221497328 0.1439105686 0.009491610059 0.003797078918
-0.006127252644 0.1405549349 0.009234460143 0.004257537801
-0.00603303595 0.1371987964 0.00898366475 0.004724723548
-0.005939035893 0.1338421639 0.008739169891 0.005198695771
-0.005845403705 0.130485048 0.008500942383 0.005679109213
-0.005752247349 0.1271274574 0.008268983712 0.006165211457
-0.005659625733 0.1237693994 0.008043345524 0.006655890455
-0.005567542954 0.1204108784 0.007824146766 0.007149764813
-0.005475942507 0.117051896 0.007611592542 0.007645303791
-0.005384701397 0.1136924499 0.007405994744 0.00814096022
-0.00529362405 0.1103325346 0.007207794555 0.00863529857
-0.005202435918 0.1069721406 0.007017586977 0.009127102291
-0.005110776627 0.1036112557 0.006836147567 0.009615448999
-0.005018192492 0.1002498657 0.00666446164 0.01009974791
-0.004924128197 0.09688795685 0.00650375629 0.01057974025
-0.004827917364 0.09352551948 0.006355535671 0.01105546854
-0.004728771736 0.09016255324 0.006221620069 0.01152722423
-0.004625768609 0.08679907508 0.006104189463 0.01199548417
-0.004517836139 0.08343513058 0.006005832356 0.01246084527
-0.004403736111 0.08007080997 0.005929600829 0.01292396414
-0.004282043703 0.07670627033 0.005879072881 0.01338550607
-0.00415112382 0.07334176624 0.005858423231 0.01384610564
-0.00400910355 0.06997769162 0.005872503834 0.01430634234
-0.003853840395 0.06661463662 0.005926935342 0.01476673858
-0.003682886037 0.06325346463 0.006028210581 0.01522779806
-0.003493445663 0.059895416 0.006183810758 0.01569012613
-0.003282333237 0.05654224722 0.006402334322 0.01615472576
-0.003045923768 0.05319641725 0.006693637082 0.01662366308
-0.002780104606 0.04986133557 0.007068979869 0.01710144783
-0.002480229382 0.04654169116 0.007541176337 0.0175975948
-0.002141080543 0.043243886 0.008124727571 0.01813068037
-0.001756850247 0.03997660324 0.008835920709 0.01873317621
-0.001321639425 0.03675505556 0.009691915334 0.01942708398
-0.000856948428 0.03357996599 0.01069019326 0.02028951219
-0.0004167964891 0.03043757847 0.01179940289 0.02137663317
-5.684686e-05 0.02731377225 0.01298697903 0.02278705117
0.0001662239404 0.02419534803 0.01422031029 0.02458605664
0.00019564576 0.02107313508 0.01546309642 0.0267743299
-1.932716077e-05 0.01794482463 0.01666869491 0.02928167214
-0.0005153039713 0.01481369747 0.01777440103 0.0319671685
-0.001306045 0.01169054375 0.0187044006 0.03468136823
-0.002380130924 0.008591784144 0.01938332539 0.03735388057
-0.00370473867 0.005540813483 0.01974532888 0.03998949658
-0.005231234673 0.002566624779 0.01973581739 0.04262840095
-0.006899992794 -0.0002961559834 0.01931087397 0.04532169611
-0.008642810757 -0.003006084943 0.01843694966 0.04811148075
-0.01038345028 -0.0055140622 0.01709311228 0.05099151215
-0.01203812267 -0.007763580108 0.01527671473 0.05373983838
-0.01352349249 -0.009696207629 0.01301540243 0.05602791381
-0.01479358878 -0.0112715065 0.01037769129 0.05777028817
-0.01583471457 -0.01246882782 0.007453100023 0.05905063174
-0.01664485969 -0.01328418457 0.004327753858 0.05993916652
-0.0172325465 -0.01372825143 0.001077612223 0.06049147265
-0.01761423707 -0.01382226517 -0.002234036608 0.06076095561
-0.01781186481 -0.01359418876 -0.005557331701 0.06081289216
-0.01785074211 -0.01307549359 -0.008855333397 0.06073204991
-0.01775794822 -0.01229869651 -0.01210272443 0.06061865929
-0.01756120159 -0.01129564289 -0.01528411078 0.06057222053
-0.01728816168 -0.01009644466 -0.01839220774 0.06066686671
-0.01696607886 -0.008728948729 -0.02142609201 0.06092283987
-0.01662170573 -0.007218610986 -0.02438961512 0.06127523329
-0.01628104504 -0.005587013279 -0.02729295482 0.06144368515
-0.01594191809 -0.003855915647 -0.0301589921 0.06197329474
-0.01545662848 -0.002089928701 -0.03298054128 0.0624731735
-0.01466562893 -0.0003485954476 -0.0357421519 0.06216868784
-0.01342001374 0.001306549171 -0.03838005334 0.05986392307
-0.01162316152 0.002822397136 -0.04076507833 0.05461017035
-0.009262774723 0.004155087715 -0.04272409626 0.04602020547
-0.00641967527 0.005270257917 -0.04407932154 0.03414371046
-0.003255221112 0.006147021823 -0.04468523044 0.01947217819
1.263264688e-05 0.006779903206 -0.04445293962 0.002823370366
0.003136105153 0.007177558508 -0.04335862084 -0.01474180357
0.005858665975 0.007363318404 -0.04145053603 -0.03196398632
0.007937070411 0.00737551748 -0.03885418708 -0.04734257748
0.009169174155 0.007266397278 -0.03577025521 -0.05909413965
0.009425237588 0.007098758279 -0.03245839964 -0.06513596729
0.008698987395 0.006922908974 -0.02919543062 -0.0649277862
0.007134625865 0.006746092057 -0.02621735762 -0.06009896746
0.004929132621 0.006554937698 -0.02366140484 -0.05255067251
0.002260181606 0.00633138203 -0.02158273675 -0.04360118699
-0.0007273441959 0.006053730142 -0.0199916744 -0.03404320596
-0.003919919024 0.005696901456 -0.01887924267 -0.02429492955
-0.007226731673 0.005232386275 -0.01823352949 -0.0145611656
-0.01056849757 0.00462833093 -0.01804861617 -0.004983165655
-0.01386547497 0.003850306621 -0.01832796442 0.004215949084
-0.0170250494 0.002863591875 -0.01908306362 0.012577298
-0.01992927187 0.001638215838 -0.02032675643 0.01924207655
-0.02242424862 0.0001583883485 -0.02205947571 0.02281074847
-0.02431654161 -0.001562307123 -0.02424648819 0.02131988654
-0.02538505232 -0.003458263058 -0.02678373521 0.0136234925
-0.02547539463 -0.005385510499 -0.02949577093 0.001246743281
-0.02458014451 -0.007141807795 -0.03217613979 -0.01368187041
-0.02280291184 -0.008532315292 -0.03462449679 -0.02969351986
-0.02032333311 -0.009402541886 -0.03667451656 -0.04547963704
-0.0173715739 -0.009649653083 -0.03820872967 -0.05981379435
-0.0142011851 -0.009225600377 -0.03916362106 -0.07175136257
-0.0110645656 -0.008138332055 -0.03953329237 -0.08081266765
-0.008186927393 -0.006447610344 -0.03936712917 -0.08693618635
-0.005730900054 -0.004257735445 -0.03876255257 -0.09042179505
-0.00377190007 -0.001698430574 -0.03784492991 -0.09177295372
-0.002288296718 0.001101664156 -0.03673525316 -0.0918249377
-0.001175273969 0.004033316116 -0.03551895774 -0.0916097708
-0.000284020207 0.00701730315 -0.03423605395 -0.09188878325
0.0005439640787 0.009998058904 -0.03290657625 -0.0925226269
0.001441942991 0.01292167741 -0.03154004991 -0.0930572439
0.002400564738 0.01579713314 -0.03011507713 -0.09363512649
0.00340007991 0.01862044501 -0.02861600144 -0.09433383024
0.004420829196 0.02138621181 -0.02702702752 -0.09519154149
0.00544301945 0.02408751384 -0.0253321965 -0.09621271713
0.006446339923 0.02671530819 -0.02351569038 -0.09736563373
0.007409588072 0.02925781187 -0.0215622734 -0.09858034327
0.008310326915 0.0316998759 -0.01945791921 -0.09975183459
0.009124606916 0.03402236989 -0.01719067811 -0.1007493275
0.009826800849 0.03620161933 -0.01475183948 -0.101429434
0.01038961961 0.03820896869 -0.01213743785 -0.1016493024
0.01078439888 0.04001058269 -0.009350128184 -0.1012762602
0.01098176646 0.04156764283 -0.006401410471 -0.1001926107
0.0109528107 0.0428371392 -0.003314104557 -0.09829710029
0.01067085838 0.0437734848 -0.0001248590535 -0.09550684321
0.01011392065 0.04433116574 0.00311367504 -0.09176402093
0.009267760582 0.04446855774 0.006331542073 -0.0870498862
0.008129368648 0.04415285682 0.009441718917 -0.08140479968
0.006710415421 0.04336578172 0.01234257985 -0.07494858776
0.005040031071 0.04210933928 0.01492310049 -0.0678936538
0.003163879808 0.04040855191 0.01707349063 -0.06083516369
0.001156332321 0.03831869634 0.01871573077 -0.05453913563
-0.0008783186013 0.03592049503 0.01982728234 -0.04923214488
-0.002845351298 0.03328888105 0.02042469292 -0.04488051533
-0.004665258019 0.03048800316 0.02054615362 -0.04136606728
-0.006272228015 0.02757050003 0.02024301966 -0.03854223894
-0.007612423237 0.02457854113 0.0195751354 -0.0362775742
-0.008644874301 0.02154428216 0.01860935501 -0.03447114707
-0.00934504365 0.01849096016 0.017420471 -0.03304374786
-0.009709981559 0.01543289153 0.01609073156 -0.03191186221
-0.009762147527 0.01237632271 0.01470128963 -0.03097312179
-0.009546039551 0.00932103222 0.0133185252 -0.03014056319
-0.009119773115 0.006261398185 0.01198931769 -0.02936738665
-0.008546572036 0.003188374763 0.01074507 -0.02862239121
-0.007889079237 8.985303867e-05 0.009608928136 -0.02786803276
-0.007208085417 -0.003047915501 0.008601958794 -0.02710153415
-0.006562931276 -0.006237194398 0.00774498336 -0.02647226902
-0.005994312009 -0.009479226067 0.007045305267 -0.02600134762
-0.005494524363 -0.01275982379 0.006484274462 -0.02564392147
-0.005055240526 -0.01606784204 0.006044481575 -0.02536156825
-0.004668906575 -0.01939505377 0.005710328041 -0.02512942486
-0.004328754368 -0.02273544475 0.005467975196 -0.024931847
-0.004028774053 -0.02608465607 0.005305233999 -0.02475866914
-0.003763663289 -0.02943955867 0.00521142468 -0.02460268319
-0.003528765401 -0.03279793164 0.005177226576 -0.02445817363
-0.003320004073 -0.03615822019 0.005194530064 -0.02432016589
-0.003133819129 -0.0395193549 0.005256297128 -0.02418410115
-0.002967105947 -0.04288061712 0.005356433699 -0.02404574718
-0.00281715982 -0.04624153923 0.005489674897 -0.02390122848
-0.002681625808 -0.04960183121 0.005651483037 -0.02374710498
-0.002558454113 -0.05296132664 0.005837957655 -0.02358045593
-0.002445860812 -0.05631994337 0.006045756413 -0.02339894322
-0.002342293561 -0.05967765503 0.006272025687 -0.02320084106
-0.002246401878 -0.06303447053 0.006514339586 -0.02298502817
-0.002157011535 -0.06639041962 0.006770646279 -0.02275094534
-0.002073102635 -0.0697455427 0.007039220572 -0.02249852589
-0.00199379093 -0.07309988402 0.007318621857 -0.02222810874
-0.001918311966 -0.07645348708 0.007607656672 -0.02194034424
-0.001846007685 -0.07980639182 0.007905345239 -0.02163610157
-0.001776315113 -0.08315863307 0.00821089149 -0.02131638433
-0.00170875679 -0.08651023976 0.008523656173 -0.02098225787
-0.001642932654 -0.08986123486 0.008843132755 -0.02063478934
-0.001578513084 -0.09321163558 0.009168925873 -0.0202749989
-0.001515232844 -0.09656145398 0.009500732162 -0.01990381928
-0.001452885708 -0.09991069758 0.009838323328 -0.01952206063
-0.001391319564 -0.1032593701 0.01018153132 -0.01913037869
-0.001330431817 -0.1066074722 0.01053023549 -0.01872924634
-0.001270164963 -0.1099550022 0.01088435167 -0.01831893095
-0.001210502207 -0.1133019566 0.01124382289 -0.01789948269
-0.001151463042 -0.1166483307 0.01160861175 -0.01747074035
-0.001093098731 -0.1199941193 0.01197869416 -0.01703236161
-0.001035487658 -0.1233393164 0.01235405425 -0.01658388293
-0.0009787305282 -0.1266839162 0.01273468036 -0.01612481033
-0.000922945447 -0.1300279131 0.01312056174 -0.0156547374
-0.0008682628811 -0.1333713016 0.01351168588 -0.01517348014
-0.0008148205676 -0.1367140771 0.01390803625 -0.01468121313
-0.0007627584184 -0.1400562352 0.01430959029 -0.01417858706
-0.0007122134888 -0.1433977728 0.01471631746 -0.01366680688
-0.0006633150868 -0.1467386876 0.01512817739 -0.01314765249
-0.0006161801026 -0.1500789786 0.01554511797 -0.01262343071
-0.0005709086382 -0.1534186464 0.01596707346 -0.01209685666
-0.0005275800218 -0.1567576936 0.01639396259 -0.0115708742
-0.0004862492851 -0.1600961247 0.01682568694 -0.01104843595
-0.0004469441798 -0.1634339467 0.01726212947 -0.01053227131
-0.0004096628054 -0.1667711695 0.01770315362 -0.0100246748
-0.000374371911 -0.1701078057 0.01814860305 -0.009527345399
-0.0003410059274 -0.1734438708 0.01859830227 -0.009041299974
-0.0003094667739 -0.1767793835 0.01905205838 -0.008566872694
-0.0002796244756 -0.1801143647 0.01950966407 -0.008103798539
-0.0002513186091 -0.1834488374 0.01997090218 -0.007651365682
-0.0002243605838 -0.1867828261 0.02043555183 -0.007208611216
-0.0001985367457 -0.1901163552 0.02090339633 -0.006774529218
-0.0001736122734 -0.1934494477 0.02137423296 -0.006348260347
-0.0001493358155 -0.1967821239 0.02184788457 -0.005929237991
-0.0001254447947 -0.2001143987 0.02232421311 -0.005517275724
-0.0001016712854 -0.2034462799 0.02280313489 -0.005112592546
-7.774834414e-05 -0.206777765 0.02328463773 -0.004715783512
-5.34166547e-05 -0.2101088384 0.02376879966 -0.004327751776
-2.843132676e-05 -0.2134394681 0.02425580924 -0.003949622256
-2.568671441e-06 -0.2167696024 0.02474598733 -0.003582656779
2.436723582e-05 -0.2200991652 0.02523981036 -0.003228186066
5.253840195e-05 -0.2234280522 0.02573793484 -0.002887566834
8.206736959e-05 -0.2267561254 0.02624122335 -0.002562164297
0.0001130324671 -0.2300832067 0.0267507721 -0.002253353406
0.0001454640292 -0.2334090714 0.02726794004 -0.001962527596
0.0001793417385 -0.2367334388 0.02779438006 -0.001691102303
0.0002145932029 -0.240055961 0.02833207254 -0.001440502238
0.0002510938453 -0.2433762097 0.02888336178 -0.001212125256
0.0002886681286 -0.2466936574 0.02945099601 -0.00100728078
0.0003270920888 -0.2500076557 0.03003817165 -0.0008271057958
0.000366097084 -0.2533174053 0.03064858265 -0.0006724652394
0.000405374612 -0.256621919 0.0312864759 -0.0005438458133
0.0004445819834 -0.2599199722 0.03195671345 -0.0004412525324
0.000483348584 -0.2632100411 0.03266484228 -0.0003641164142
0.0005212824085 -0.2664902207 0.03341717216 -0.0003112199646
0.0005579765104 -0.2697581209 0.03422086145 -0.0002806455514
0.0005930149843 -0.2730107305 0.03508400988 -0.0002697510368
0.0006259780958 -0.276244243 0.03601575593 -0.0002751768645
0.0006564461899 -0.2794538319 0.03702637398 -0.0002928901137
0.0006840020605 -0.2826333611 0.03812736328 -0.0003182724248
0.000708231559 -0.2857750162 0.03933151517 -0.0003462605722
0.0007287223696 -0.2888688338 0.04065293748 -0.0003715503773
0.0007450611104 -0.2919021099 0.04210700384 -0.0003888758945
0.0007568292567 -0.2948586649 0.0437101795 -0.0003933773967
0.0007635988707 -0.2977179475 0.04547965353 -0.0003810724806
0.000764929805 -0.3004539765 0.04743267822 -0.0003494443613
0.0007603709788 -0.3030341439 0.04958548097 -0.0002981576977
0.0007494695268 -0.3054179616 0.0519515754 -0.0002299014232
0.0007317930381 -0.3075559231 0.05453926722 -0.0001513356471
0.00070697149 -0.3093887941 0.05734814847 -7.408016705e-05
0.0006747662437 -0.3108478482 0.06036444229 -1.562728875e-05
0.0006351724405 -0.3118567938 0.06355526084 0
0.0005873487365 -0.3123487703 0.06694792554 0
