-0.007760574168 0.3488671362 0.05420090904 0
-0.008068541451 0.3477773735 0.05091371064 -0.002992802447
-0.008294988069 0.345806055 0.04821686169 -0.005931077302
-0.008487206147 0.3435219795 0.04577378404 -0.008860105872
-0.008647469652 0.3409958356 0.04357727118 -0.01175421737
-0.00877874254 0.3382840855 0.04161061267 -0.0145978679
-0.008884204389 0.3354308052 0.03985242149 -0.01738225657
-0.008966961536 0.332469874 0.03827976686 -0.02010314372
-0.009029886682 0.3294270713 0.03687007866 -0.02275955439
-0.009075542764 0.3263218909 0.03560221624 -0.02535299035
-0.009106159916 0.3231690246 0.03445699598 -0.02788683245
-0.009123644731 0.3199795325 0.03341738271 -0.03036572498
-0.009129608441 0.3167617457 0.03246848176 -0.03279485652
-0.009125405484 0.3135219518 0.03159741919 -0.03517916062
-0.009112176976 0.3102649111 0.03079316507 -0.03752253499
-0.009090895418 0.3069942417 0.03004633273 -0.03982721135
-0.00906240807 0.3037127072 0.02934897361 -0.04209339693
-0.009027477008 0.3004224299 0.02869437872 -0.04431926156
-0.008986814328 0.2971250507 0.02807689265 -0.04650127466
-0.008941111284 0.2938218474 0.02749174321 -0.04863482376
-0.008891060437 0.2905138238 0.02693488788 -0.050714986
-0.008837370247 0.2872017765 0.02640287756 -0.0527372925
-0.008780771876 0.2838863454 0.02589273736 -0.05469832826
-0.008722018377 0.2805680519 0.02540186404 -0.0565960475
-0.008661876819 0.2772473281 0.02492793947 -0.05842974912
-0.00860111429 0.2739245389 0.02446885933 -0.060199733
-0.008540479013 0.2705999993 0.02402267622 -0.06190673119
-0.008480678138 0.2672739869 0.02358755622 -0.06355125925
-0.008422353896 0.2639467519 0.02316174777 -0.06513305132
-0.008366059931 0.2606185237 0.0227435617 -0.06665072146
-0.008312239586 0.2572895167 0.02233136114 -0.06810173841
-0.0082612078 0.2539599325 0.02192355983 -0.06948272211
-0.00821313806 0.2506299626 0.02151862764 -0.07078998805
-0.008168055514 0.2472997888 0.02111510156 -0.07202020103
-0.008125837 0.2439695829 0.02071160094 -0.07317096923
-0.008086218306 0.2406395056 0.02030684535 -0.0742412238
-0.008048808509 0.2373097054 0.01989967379 -0.075231285
-0.00801311084 0.2339803168 0.01948906386 -0.0761426001
-0.007978549054 0.2306514576 0.01907414959 -0.07697722808
-0.007944497983 0.2273232276 0.01865423687 -0.07773721715
-0.007910316637 0.2239957058 0.01822881545 -0.07842405187
-0.00787538204 0.2206689491 0.01779756659 -0.079038328
-0.007839121947 0.2173429903 0.0173603659 -0.07957974848
-0.007801044571 0.214017837 0.01691728061 -0.0800474412
-0.00776076365 0.2106934715 0.01646856142 -0.0804405044
-0.007718017396 0.2073698507 0.01601462865 -0.08075861743
-0.007672680233 0.2040469073 0.01555605319 -0.0810025318
-0.007624766624 0.2007245525 0.01509353272 -0.0811742899
-0.007574426738 0.1974026787 0.01462786394 -0.08127709585
-0.007521934188 0.1940811645 0.01415991186 -0.08131486343
-0.00746766652 0.1907598791 0.0136905774 -0.08129156047
-0.007412079548 0.1874386882 0.01322076438 -0.08121053025
-0.007355677011 0.18411746 0.01275134752 -0.08107397962
-0.007298977256 0.1807960707 0.01228314265 -0.08088277948
-0.007242478873 0.1774744093 0.01181688052 -0.08063663733
-0.007186627216 0.1741523822 0.01135318539 -0.08033460019
-0.007131783718 0.1708299157 0.01089255935 -0.07997575616
-0.007078199722 0.1675069578 0.01043537325 -0.0795599501
-0.007025996264 0.1641834782 0.009981864436 -0.07908832605
-0.00697515089 0.160859467 0.009532141724 -0.07856355591
-0.006925492159 0.1575349329 0.009086197113 -0.07798969639
-0.006876702015 0.1542098996 0.008643923847 -0.0773717121
-0.006828325732 0.150884402 0.008205139883 -0.07671478689
-0.006779788689 0.1475584823 0.007769615629 -0.07602359682
-0.006730418859 0.1442321859 0.007337104619 -0.07530172568
-0.006679473526 0.1409055569 0.006907375653 -0.07455136595
-0.006626168582 0.1375786346 0.006480244929 -0.07377337542
-0.006569708616 0.1342514495 0.00605560671 -0.07296767046
-0.006509316009 0.1309240204 0.005633461291 -0.07213385225
-0.006444257399 0.1275963516 0.005213939201 -0.07127190368
-0.006373866064 0.1242684303 0.004797320943 -0.07038277479
-0.00629755911 0.1209402254 0.004384051878 -0.06946870117
-0.006214848661 0.1176116866 0.003974752282 -0.06853316512
-0.00612534667 0.1142827436 0.003570222962 -0.0675805006
-0.006028763325 0.1109533077 0.003171447191 -0.06661523657
-0.005924899368 0.1076232727 0.002779590044 -0.06564134707
-0.005813632926 0.1042925179 0.002395996491 -0.06466160929
-0.005694901661 0.1009609113 0.002022189817 -0.06367725265
-0.005568681157 0.09762831417 0.00165987207 -0.06268801435
-0.005434960473 0.09429458582 0.001310928321 -0.06169261414
-0.005293715745 0.09095958983 0.000977436568 -0.06068954787
-0.005144882559 0.08762320093 0.0006616850535 -0.05967800437
-0.004988327621 0.0842853133 0.0003661987649 -0.05865865895
-0.004823820041 0.08094585079 9.377679607e-05 -0.0576341055
-0.004651002239 0.0776047799 -0.000152457796 -0.05660875997
-0.004469360311 0.074262127 -0.0003689940491 -0.05558818802
-0.004278193409 0.07091800172 -0.0005518535062 -0.05457795456
-0.004076581556 0.06757262926 -0.0006964934231 -0.05358222976
-0.003863351203 0.06422639552 -0.000797691237 -0.05260247827
-0.003637037834 0.06087991022 -0.000849408826 -0.05163655224
-0.003395845033 0.05753409533 -0.000844635306 -0.05067829966
-0.00313759978 0.05419030842 -0.0007752076054 -0.04971715889
-0.002859704284 0.05085051411 -0.0006316091005 -0.04873579462
-0.002559085703 0.04751752142 -0.000402748574 -0.04770166841
-0.002232146712 0.04419531022 -7.57253183e-05 -0.04654769674
-0.001874722395 0.04088947764 0.0003644076442 -0.04514485013
-0.001482128514 0.03760847511 0.000934750193 -0.04355142676
-0.001063440556 0.03435963098 0.00164437212 -0.04200093979
-0.0006630170182 0.03113598883 0.00246953965 -0.04043073422
-0.0003316726678 0.02792741543 0.003379488385 -0.03865388552
-0.0001218350255 0.02472455009 0.004342983563 -0.03655641536
-8.731355916e-05 0.0215210971 0.005324673331 -0.03406755755
-0.0002778367435 0.01831570821 0.006276699873 -0.03108957385
-0.0007270851645 0.0151122408 0.00713393332 -0.02751907239
-0.001443491216 0.01191950015 0.007822712418 -0.02323198458
-0.002410238778 0.008752378734 0.008272211522 -0.01808011107
-0.003591201543 0.005631379393 0.008419826857 -0.01181557108
-0.004938181412 0.002583249238 0.008211445531 -0.00412228566
-0.006395078029 -0.0003567360146 0.007599930491 0.005353261516
-0.00789818797 -0.003142319663 0.006546541567 0.01679070102
-0.009375420856 -0.005714514548 0.005027772206 0.0293920943
-0.01076123274 -0.008012412958 0.00305756663 0.04155646254
-0.01202133281 -0.009991743251 0.0006957579941 0.05281482447
-0.01313499147 -0.01162312682 -0.00198532868 0.06314115008
-0.01408927425 -0.01289214272 -0.004913618865 0.07245614485
-0.0148786514 -0.01379775189 -0.008021438228 0.08058022995
-0.01550396963 -0.01434974989 -0.01124813466 0.08727524275
-0.01597127124 -0.01456610445 -0.01454164485 0.09235773384
-0.01629060801 -0.01447044382 -0.01785915814 0.09581858855
-0.01647495191 -0.01408986375 -0.02116707901 0.09787679364
-0.01653926137 -0.01345313546 -0.02444049479 0.09893424021
-0.01649972769 -0.01258933281 -0.02766233309 0.09945700125
-0.01637320157 -0.01152685439 -0.03082235802 0.09984808453
-0.01617678437 -0.01029279225 -0.03391611575 0.1003718477
-0.01592756091 -0.008912589046 -0.03694390424 0.1011440137
-0.01564244808 -0.007409924826 -0.03990981194 0.1021445122
-0.01533786945 -0.00580538624 -0.04282337686 0.1030809981
-0.01498914278 -0.004116816584 -0.04569332713 0.1032855627
-0.01446410224 -0.002352677653 -0.04848791048 0.1006199902
-0.0136301329 -0.0005273576717 -0.05116200883 0.09842077507
-0.0123651955 0.00133023774 -0.05363318504 0.09540248759
-0.01058954122 0.003181846158 -0.05576863097 0.09058731012
-0.008306720588 0.004987679016 -0.0573986183 0.0839192172
-0.005614565282 0.006705859917 -0.05835840301 0.07536478421
-0.002688181297 0.008292299967 -0.05852261854 0.0653284465
0.0002471272738 0.009699005459 -0.05782162775 0.05456478681
0.002934842214 0.01087570899 -0.05625500717 0.04349632277
0.005108611112 0.01177675446 -0.05390925763 0.03266807401
0.006526905253 0.01237159314 -0.05096482088 0.02231920929
0.007041041802 0.01265028545 -0.04768518914 0.01350191042
0.006671169566 0.01261314847 -0.04436507397 0.008523498731
0.005536084867 0.01227874834 -0.04123417132 0.008029266851
0.003782600956 0.01167846287 -0.03844137251 0.01113848383
0.001556212292 0.01084536866 -0.03607343106 0.01651037323
-0.001012365908 0.009808304302 -0.03417589811 0.02281468955
-0.003809819606 0.008589824006 -0.03277135173 0.02911481697
-0.006736681359 0.007206703214 -0.0318725992 0.03502671467
-0.009700749808 0.005672089419 -0.03149080687 0.04063598381
-0.01260923717 0.00399891851 -0.03163908764 0.04623020814
-0.01536065296 0.002204609215 -0.03233176305 0.05192540751
-0.01783744785 0.00031720372 -0.03357888451 0.05725963304
-0.01990124167 -0.001617090853 -0.03537508371 0.06088056566
-0.02139397363 -0.003525817832 -0.0376820042 0.06063370325
-0.02215000533 -0.005304137894 -0.04040534863 0.05586908432
-0.02202454176 -0.006814355062 -0.04336984013 0.04919394292
-0.02097545565 -0.007896989035 -0.04633022798 0.04170633203
-0.01912701705 -0.008414004242 -0.04904323237 0.03371084955
-0.01669760138 -0.008287990708 -0.05131209071 0.02559150431
-0.01394083298 -0.007504125364 -0.05300679644 0.0173135638
-0.01111152831 -0.006100164501 -0.0540694204 0.009171800702
-0.008440568325 -0.004153458905 -0.05450862043 0.002108399336
-0.006107119386 -0.001772486567 -0.05439234457 -0.00323266995
-0.004208890946 0.0009154620896 -0.05383192011 -0.006535166158
-0.002746939784 0.003786579889 -0.05294920912 -0.0087350254
-0.001639563364 0.006741591275 -0.051842434 -0.01078018793
-0.0007688873967 0.009718754545 -0.05058508194 -0.01196592349
-5.736816384e-06 0.01268661932 -0.04923644478 -0.01328912907
0.0007763106021 0.01562208029 -0.04784773612 -0.01480814244
0.001594206303 0.01852070494 -0.04640698958 -0.01660624838
0.00243634362 0.02137612046 -0.04489584228 -0.01875430799
0.003290556452 0.02417937719 -0.04329665831 -0.02132509139
0.00414422911 0.02691985583 -0.04159219111 -0.02438536754
0.004984067346 0.02958486491 -0.03976595048 -0.02797098048
0.005795894966 0.0321592497 -0.03780266762 -0.03205914736
0.006564491669 0.03462502609 -0.03568887877 -0.03655103733
0.00727349102 0.03696106339 -0.03341364918 -0.04127497601
0.00790536184 0.03914285258 -0.0309694571 -0.0460126734
0.008441501476 0.04114241177 -0.02835324895 -0.05053945983
0.008862474445 0.04292839688 -0.02556766149 -0.05466094485
0.009148433327 0.04446650068 -0.0226223807 -0.05822890368
0.00927975824 0.04572023368 -0.01953557013 -0.06112957379
0.009237943603 0.04665217996 -0.01633525211 -0.0632525573
0.009006742703 0.04722580205 -0.01306046803 -0.06445969001
0.008573548778 0.0474078239 -0.009761986317 -0.064574251
0.00793094469 0.04717114342 -0.006502283232 -0.06340110748
0.007078294968 0.0464981163 -0.003354513941 -0.06077238886
0.006023192834 0.04538392161 -0.0004002406757 -0.05659767014
0.004782526576 0.04383959237 0.002274189561 -0.05088881911
0.003382914553 0.041894208 0.004582522612 -0.04373500581
0.001859819463 0.03959502575 0.006444961497 -0.03551506977
0.0002641593443 0.03700586961 0.007805479247 -0.02744501456
-0.001327325626 0.03420262754 0.008660967265 -0.02041323674
-0.002839454107 0.03125276105 0.00904494012 -0.01438993597
-0.004208303245 0.02820801882 0.009006786856 -0.009148504867
-0.005379467959 0.02510632826 0.008604515864 -0.004541758486
-0.006307578514 0.02197428224 0.007903129547 -0.0005846732899
-0.006960982855 0.01882880997 0.006977216462 0.002634617195
-0.007330846303 0.0156795752 0.005908846812 0.005127095788
-0.007435441471 0.01253078396 0.004775529402 0.00696987162
-0.007315279437 0.009381522336 0.003640110204 0.00813198084
-0.007023482137 0.00622669627 0.002548999409 0.008517236365
-0.006616416917 0.003057724283 0.001537279399 0.008112832675
-0.006149204712 -0.000136204925 0.0006358172789 0.007069531073
-0.005675436547 -0.003365797133 -0.0001251590355 0.005607346857
-0.005241328322 -0.00663715766 -0.0007233902008 0.004046043333
-0.004853605481 -0.009938972123 -0.001172213362 0.00247660505
-0.004506097642 -0.013260505 -0.001491217896 0.000967596138
-0.004193252774 -0.01659451868 -0.001697642516 -0.0004435265459
-0.00391020127 -0.01993591855 -0.001806460845 -0.001742949676
-0.003652718363 -0.02328115971 -0.001830612913 -0.002931395067
-0.003417174147 -0.02662781173 -0.001781245486 -0.004018287358
-0.003200480279 -0.02997424117 -0.001667941852 -0.005018004293
-0.003000038124 -0.03331938107 -0.00149893169 -0.005946896972
-0.002813690425 -0.03666256418 -0.00128127767 -0.006820716799
-0.002639676894 -0.04000340261 -0.001021038761 -0.007652584483
-0.002476593271 -0.04334170124 -0.0007234120572 -0.008451710665
-0.002323352876 -0.04667739562 -0.0003928556688 -0.009222969493
-0.002179149654 -0.05001050774 -3.319545127e-05 -0.009967273983
-0.00204342174 -0.05334111472 0.0003522818679 -0.01068256522
-0.001915814875 -0.05666932692 0.0007607469518 -0.01136513741
-0.001796145294 -0.05999527302 0.001189755759 -0.01201099436
-0.00168436206 -0.06331909005 0.001637185805 -0.01261697201
-0.001580509162 -0.06664091703 0.002101179916 -0.01318145079
-0.001484688012 -0.06996089139 0.002580096949 -0.01370459489
-0.001397021178 -0.07327914705 0.003072469198 -0.01418816332
-0.00131761836 -0.076595814 0.003576966339 -0.01463501512
-0.001246545685 -0.07991101849 0.004092365784 -0.01504846766
-0.001183799351 -0.08322488386 0.004617529286 -0.01543166164
-0.001129284511 -0.08653753137 0.005151385483 -0.01578705101
-0.001082800124 -0.08984908105 0.005692917919 -0.01611608652
-0.00104403022 -0.0931596523 0.006241157915 -0.0164191122
-0.001012541712 -0.09646936405 0.006795181487 -0.01669545551
-0.0009877886051 -0.09977833458 0.00735410939 -0.01694366802
-0.0009691221276 -0.1030866808 0.007917109327 -0.01716186233
-0.000955806023 -0.1063945175 0.008483399317 -0.01734808867
-0.0009470360216 -0.1097019557 0.009052251331 -0.01750069694
-0.0009419623293 -0.1130091016 0.00962299439 -0.01761863513
-0.0009397138687 -0.1163160553 0.01019501652 -0.01770164331
-0.0009394229744 -0.1196229094 0.01076776514 -0.01775031628
-0.0009402492895 -0.1229297485 0.01134074571 -0.01776602761
-0.0009414017133 -0.1262366487 0.01191351867 -0.01775073303
-0.0009421574185 -0.1295436773 0.01248569479 -0.01770669616
-0.0009418771651 -0.1328508938 0.01305692942 -0.01763619773
-0.0009400163802 -0.1361583499 0.01362691602 -0.0175412946
-0.0009361317294 -0.1394660914 0.0141953795 -0.01742368177
-0.0009298831612 -0.1427741582 0.01476206989 -0.01728468182
-0.0009210316506 -0.1460825866 0.01532675683 -0.01712534846
-0.0009094330823 -0.149391409 0.01588922528 -0.01694663538
-0.0008950288891 -0.1527006556 0.01644927271 -0.0167495607
-0.0008778341957 -0.1560103543 0.01700670801 -0.01653529837
-0.0008579242968 -0.1593205308 0.01756135208 -0.01630515313
-0.0008354203282 -0.1626312085 0.01811304018 -0.01606041668
-0.0008104749709 -0.1659424078 0.01866162577 -0.01580214826
-0.0007832589587 -0.1692541451 0.01920698564 -0.01553095504
-0.0007539490584 -0.1725664322 0.01974902613 -0.01524685761
-0.0007227180548 -0.1758792749 0.02028769008 -0.01494930557
-0.0006897271156 -0.1791926716 0.02082296417 -0.01463736623
-0.0006551207448 -0.1825066131 0.02135488646 -0.01431005545
-0.0006190243639 -0.1858210804 0.02188355369 -0.01396673351
-0.000581544396 -0.1891360446 0.02240912833 -0.01360746401
-0.0005427705839 -0.192451466 0.02293184492 -0.0132332388
-0.0005027801471 -0.1957672931 0.0234520157 -0.01284600659
-0.0004616432879 -0.1990834623 0.0239700354 -0.01244849528
-0.0004194294893 -0.2023998976 0.02448638506 -0.0120438733
-0.0003762140201 -0.2057165099 0.02500163493 -0.01163533585
-0.0003320840639 -0.2090331966 0.02551644658 -0.01122571724
-0.0002871439311 -0.2123498416 0.02603157433 -0.01081721607
-0.0002415188807 -0.215666314 0.0265478663 -0.01041128261
-0.0001953571828 -0.2189824676 0.02706626555 -0.01000866934
-0.0001488301742 -0.2222981395 0.02758781187 -0.009609601294
-0.0001021302053 -0.2256131483 0.02811364493 -0.00921399598
-5.546652528e-05 -0.2289272912 0.02864500959 -0.008821658371
-9.059313867e-06 -0.2322403408 0.02918326461 -0.008432395814
3.68677887e-05 -0.2355520399 0.02972989571 -0.008046030901
8.209616412e-05 -0.238862095 0.03028653452 -0.007662327637
0.0001264211153 -0.2421701674 0.0308549846 -0.007280875479
0.0001696605101 -0.2454758615 0.0314372563 -0.006900989638
0.0002116624603 -0.2487787093 0.03203561185 -0.006521681854
0.0002523113346 -0.25207815 0.0326526224 -0.006141736526
0.0002915314566 -0.255373503 0.03329123856 -0.005759899244
0.0003292879339 -0.258663932 0.03395487627 -0.00537515581
0.0003655842012 -0.2619483983 0.03464751938 -0.004987056729
0.0004004560206 -0.2652255975 0.03537384063 -0.004596028627
0.0004339618671 -0.2684938763 0.0361393423 -0.00420361178
0.0004661698056 -0.2717511204 0.03695051746 -0.003812570958
0.0004971411392 -0.2749946046 0.03781503181 -0.003426843317
0.0005269112434 -0.2782207901 0.03874192478 -0.003051309628
0.0005554681034 -0.2814250515 0.03974182558 -0.002691400832
0.0005827291177 -0.2846013085 0.04082717539 -0.002352577299
0.0006085167446 -0.2877415283 0.04201243855 -0.002039738376
0.0006325335656 -0.2908350583 0.04331427263 -0.001756629341
0.0006543373911 -0.2938677358 0.04475160547 -0.001505306639
0.0006733172551 -0.2968207163 0.04634553367 -0.001285697067
0.0006886717388 -0.2996689613 0.04811890513 -0.001095244033
0.0006993923528 -0.3023793452 0.05009537285 -0.0009285823183
0.0007042571515 -0.304908404 0.05229760456 -0.0007771372942
0.0007018439195 -0.3071998819 0.05474420867 -0.000628529959
0.0006905786109 -0.309182501 0.0574448252 -0.0004657187024
0.0006688429173 -0.3107688298 0.06039281677 -0.000265963702
0.0006351724405 -0.3118567938 0.06355526084 0
0.0005873487365 -0.3123487703 0.06694792554 0
