-0.007760574168 0.3488671362 0.05420090904 0
-0.008068541451 0.3477773735 0.05091371064 0.0003906219709
-0.00827354723 0.3457683015 0.04825237814 0.0007220203678
-0.008437322699 0.3434366979 0.04586396429 0.001084023547
-0.008564301216 0.3408583085 0.04374064791 0.001421517818
-0.008659381521 0.3380930961 0.04186423208 0.001703295218
-0.008727424086 0.3351874077 0.04021152414 0.001914800833
-0.008772972893 0.3321765034 0.03875774022 0.002052536882
-0.00880012179 0.3290869385 0.03747850434 0.002120064154
-0.008812467532 0.3259385913 0.03635091477 0.00212527196
-0.00881311147 0.3227462964 0.03535402586 0.002078535917
-0.008804686333 0.3195211142 0.03446898401 0.001991436046
-0.008789394219 0.316271297 0.03367897366 0.001875804735
-0.008769047962 0.3130030139 0.03296907144 0.001742978441
-0.008745111697 0.309720891 0.03232606709 0.001603211723
-0.008718738628 0.3064284109 0.03173828517 0.00146526302
-0.008690805243 0.3031282084 0.03119542469 0.001336175302
-0.008661941996 0.2998222892 0.03068842401 0.001221259726
-0.008632560919 0.2965121902 0.03020935182 0.001124261827
-0.008602880886 0.293199098 0.02975132125 0.001047661456
-0.008572951423 0.289883935 0.02930842215 0.0009930391541
-0.008542675941 0.2865674213 0.02887566558 0.0009614357036
-0.008511835273 0.2832501188 0.02844893433 0.0009536375534
-0.008480112188 0.2799324618 0.02802493406 0.0009703371682
-0.008447117357 0.2766147788 0.02760114033 0.001012143364
-0.008412416956 0.2732973072 0.02717573814 0.001079451042
-0.008375561755 0.2699802053 0.02674755211 0.001172217889
-0.008336117216 0.2666635623 0.02631596669 0.001289728555
-0.008293693826 0.2633474075 0.02588083741 0.001430442542
-0.008247976601 0.2600317214 0.02544239527 0.001592010459
-0.008198752549 0.2567164464 0.02500114732 0.001771502278
-0.008145934736 0.2534014985 0.02455777729 0.001965829669
-0.008089581611 0.2500867794 0.0241130501 0.002172281112
-0.008029910342 0.2467721877 0.0236677243 0.002389045204
-0.007967303051 0.2434576288 0.02322247582 0.00261559059
-0.007902305138 0.2401430235 0.0227778359 0.002852803973
-0.007835615161 0.2368283142 0.02233414512 0.003102849438
-0.007768066127 0.2335134691 0.02189152425 0.003368782076
-0.007700598434 0.2301984846 0.02144986204 0.003654003971
-0.007634225137 0.2268833862 0.02100881867 0.003961675967
-0.007569990614 0.2235682276 0.02056784308 0.00429419181
-0.007508924138 0.220253089 0.02012620175 0.004652790998
-0.007451990252 0.2169380746 0.01968301614 0.005037347896
-0.007400038168 0.2136233085 0.01923730591 0.005446340671
-0.007353752729 0.2103089311 0.01878803535 0.005876981212
-0.007313609634 0.2069950929 0.01833416035 0.006325475988
-0.007279837685 0.2036819489 0.01787467423 0.006787382786
-0.007252390733 0.2003696515 0.01740865062 0.007258025141
-0.007230931719 0.1970583433 0.01693528249 0.0077329239
-0.007214830703 0.1937481493 0.01645391641 0.008208205604
-0.007203178158 0.1904391707 0.0159640817 0.008680952787
-0.007194813929 0.1871314779 0.01546551404 0.009149471077
-0.007188371316 0.1838251062 0.01495817324 0.009613457563
-0.007182334706 0.1805200525 0.01444225476 0.01007405861
-0.007175108169 0.1772162734 0.01391819464 0.01053380014
-0.007165091514 0.1739136857 0.01338666722 0.01099636431
-0.007150759548 0.1706121681 0.01284857526 0.01146618411
-0.007130739838 0.1673115642 0.01230503202 0.0119478455
-0.007103884101 0.1640116864 0.01175733528 0.01244533006
-0.007069328563 0.1607123213 0.0112069334 0.01296119414
-0.007026539216 0.1574132351 0.01065538439 0.01349584005
-0.006975338819 0.1541141804 0.01010430901 0.01404706351
-0.006915913694 0.1508149031 0.009555339964 0.01461003561
-0.006848799713 0.1475151507 0.009010069279 0.01517779172
-0.006774848378 0.1442146802 0.008469996559 0.01574217406
-0.006695175205 0.1409132671 0.007936480924 0.01629504802
-0.006611093882 0.137610713 0.007410699304 0.01682953009
-0.006524040555 0.1343068533 0.00689361362 0.01734095991
-0.006435493138 0.1310015625 0.00638594886 0.017827424
-0.006346890707 0.1276947577 0.005888183531 0.01828976681
-0.006259557763 0.1243863988 0.0054005532 0.01873115771
-0.006174637515 0.1210764871 0.004923067174 0.01915637106
-0.006093037401 0.1177650599 0.004455537615 0.01957095457
-0.006015388962 0.1144521838 0.003997619835 0.01998041589
-0.005942022969 0.1111379457 0.003548862026 0.02038948766
-0.005872959532 0.1078224432 0.003108762478 0.02080148618
-0.005807911936 0.1045057742 0.002676832246 0.02121778934
-0.005746302158 0.1011880271 0.002252661432 0.02163752118
-0.005687285502 0.0978692721 0.001835987541 0.02205759635
-0.005629781613 0.09454955276 0.001426764853 0.02247328356
-0.005572509136 0.09122887969 0.00102523427 0.0228793442
-0.00551402154 0.08790722562 0.0006319936502 0.02327159395
-0.005452741966 0.08458452229 0.0002480691638 0.02364848909
-0.005386995301 0.08126065982 -0.0001250113078 0.02401216801
-0.005315036052 0.07793548911 -0.0004851412766 0.02436839215
-0.005235070755 0.07460882849 -0.0008295534068 0.02472507555
-0.005145273839 0.07128047646 -0.001154729685 0.02508951374
-0.005043795865 0.06795023296 -0.001456301357 0.02546486637
-0.004928763087 0.06461793297 -0.001728935542 0.02584670946
-0.004798267351 0.06128349756 -0.001966205008 0.02622038335
-0.004650345518 0.05794700967 -0.002160437175 0.02655938571
-0.004482948023 0.05460882459 -0.002302538204 0.02682461787
-0.004293896942 0.05126972916 -0.002381788248 0.02696545455
-0.004080835173 0.0479311689 -0.002385604966 0.02692711704
-0.003841170285 0.0445955697 -0.002299275051 0.02666451811
-0.00357201955 0.04126679025 -0.002105658874 0.02613620079
-0.0032701714 0.03795080089 -0.001784888077 0.0250702091
-0.002933573481 0.03465736123 -0.001315288169 0.0238586489
-0.002589414563 0.03138858569 -0.0007058337102 0.02314373112
-0.00228491792 0.0281368436 7.197839639e-06 0.02331074546
-0.002068869917 0.02489348695 0.0007871408592 0.02440300488
-0.001991790235 0.02165115444 0.001595665994 0.02629897671
-0.002102600993 0.01840575223 0.002386012574 0.02894744703
-0.002436584801 0.01515781893 0.003094431774 0.0322774462
-0.003003085643 0.01191316148 0.003645720255 0.03592872158
-0.003783219611 0.008683144218 0.003966620254 0.03970791795
-0.004736432358 0.005484765398 0.003992156686 0.04358446512
-0.005809776735 0.002342222204 0.003665682272 0.04751914058
-0.006943203045 -0.0007095670669 0.002937281255 0.05142791312
-0.008070122903 -0.003621389321 0.001767617235 0.05483455265
-0.009130416193 -0.006335974774 0.0001517303083 0.05726853386
-0.0100982175 -0.00880581485 -0.001865096352 0.05805313106
-0.01096127116 -0.01099497124 -0.004225084643 0.05779443687
-0.01171186504 -0.01287978685 -0.006869564066 0.05682671135
-0.0123464888 -0.01444781943 -0.009741839604 0.05545506773
-0.01286525565 -0.01569611015 -0.01278916275 0.05396188163
-0.01327127658 -0.01662931998 -0.01596401743 0.05254000329
-0.0135700416 -0.01725791167 -0.01922481027 0.05124331555
-0.01376884551 -0.01759649803 -0.02253608338 0.04999603403
-0.01387628045 -0.01766242518 -0.02586837369 0.04867516717
-0.0139018059 -0.01747461793 -0.02919783419 0.04722468139
-0.01385539809 -0.01705268357 -0.03250571468 0.04573338723
-0.01374727564 -0.01641625086 -0.03577777845 0.04442342821
-0.01358769534 -0.01558451027 -0.03900371026 0.04355197421
-0.01338681048 -0.01457591755 -0.042176552 0.04328706764
-0.01315458398 -0.0134080238 -0.04529218685 0.0436329623
-0.01290074808 -0.0120973992 -0.04834888065 0.04444066525
-0.01263480298 -0.01065962315 -0.05134688078 0.04547962089
-0.0123660463 -0.009109319812 -0.05428806717 0.04650816201
-0.01210362569 -0.007460223706 -0.05717564716 0.04727377053
-0.0118562768 -0.005722947933 -0.06001767542 0.0485724677
-0.01151098344 -0.003886656232 -0.06278825501 0.05249900266
-0.01089031855 -0.00192470782 -0.06541853077 0.0580351035
-0.009826597657 0.0001610290801 -0.0677958961 0.06122595789
-0.00820260465 0.00233031576 -0.06973943498 0.05662860506
-0.006037386233 0.004518780918 -0.07101825524 0.04044085121
-0.003499638928 0.006639609539 -0.07142495408 0.01178022381
-0.000861529756 0.008581376611 -0.07082890668 -0.02858282235
0.001543566312 0.01021272524 -0.06921023069 -0.07797631976
0.003363584062 0.01140498368 -0.06669642337 -0.1304640898
0.004309797493 0.0120684938 -0.06357506114 -0.1750783865
0.004313566882 0.01217084744 -0.06024078297 -0.2054369733
0.003478894522 0.01174283209 -0.05703476145 -0.2221952587
0.001969352258 0.01085520884 -0.05418600772 -0.2278755629
-4.152267124e-05 0.009588131101 -0.05183026329 -0.2252615914
-0.002393923163 0.008015089426 -0.05004113823 -0.2165329843
-0.004946620606 0.006198350708 -0.04885885272 -0.2030136713
-0.007571112714 0.004191748508 -0.04831027888 -0.1852975108
-0.01014086514 0.002047910272 -0.04841918015 -0.1635689356
-0.01251925367 -0.0001715374215 -0.04920663528 -0.1380268094
-0.0145493702 -0.002383721595 -0.05068079369 -0.1094072536
-0.01605046016 -0.004472190173 -0.05281437985 -0.07963452846
-0.01682876037 -0.006279427726 -0.05551013871 -0.05250324621
-0.01671217403 -0.007613188248 -0.05856098462 -0.03309781129
-0.01563253072 -0.008275365176 -0.06163475311 -0.02437936764
-0.01375530697 -0.008135509035 -0.06437548628 -0.02534121292
-0.01139225009 -0.007182561244 -0.06651610508 -0.0339683058
-0.008880226001 -0.005499860668 -0.06791331045 -0.04778310208
-0.006525939758 -0.003226847149 -0.06854402022 -0.06399668783
-0.004563557152 -0.0005325051738 -0.06848653118 -0.07979420094
-0.003097518478 0.002403541436 -0.06789030721 -0.09260613555
-0.002077663839 0.005429354458 -0.06691696267 -0.1013985829
-0.001364680273 0.008456723111 -0.06569763412 -0.1063491009
-0.0007945171975 0.01145539633 -0.06433847953 -0.1085965323
-0.0002100493107 0.01441757614 -0.06291866861 -0.1105530668
0.0004006491153 0.01734146044 -0.06143352494 -0.1123982843
0.001031129155 0.0202210657 -0.05987218694 -0.1141349757
0.001674680423 0.02304894649 -0.05822416095 -0.1158097802
0.002324285432 0.02581656937 -0.05647918897 -0.1175404275
0.002972468313 0.02851415583 -0.0546274145 -0.1194943543
0.003611155031 0.03113053033 -0.05265959492 -0.1218415405
0.004231557036 0.03365297536 -0.05056736628 -0.1246943146
0.004824090524 0.03606709875 -0.04834356688 -0.128049851
0.005378343268 0.03835672152 -0.04598262535 -0.1317577235
0.005883100347 0.04050380018 -0.04348101739 -0.1355323395
0.006326438984 0.04248840177 -0.04083779211 -0.1390124332
0.006695901032 0.04428875626 -0.03805516335 -0.1418448575
0.006978749352 0.04588141476 -0.03513915417 -0.1437547747
0.007162311094 0.04724154573 -0.03210027273 -0.1445713949
0.00723440683 0.04834340112 -0.02895418702 -0.1442040798
0.007183859243 0.04916098143 -0.02572235352 -0.1425905419
0.007001068996 0.04966892102 -0.02243254342 -0.1396498824
0.006678638506 0.04984360253 -0.01911919962 -0.1352643287
0.006212017093 0.0496644926 -0.01582355037 -0.1292949412
0.005600133745 0.04911566927 -0.01259340176 -0.1216221847
0.004845976951 0.0481874858 -0.009482533562 -0.1121984106
0.003957075173 0.04687828654 -0.006549631904 -0.1011006578
0.002945827191 0.04519605927 -0.003856710968 -0.08856849191
0.001829629728 0.0431598776 -0.001467006724 -0.07501108399
0.0006307520426 0.04080096119 0.0005576292202 -0.06099620197
-0.0006241574703 0.03816301395 0.002159840537 -0.04760926491
-0.001902082717 0.03530085874 0.00329460357 -0.0364292337
-0.003146283411 0.03228058508 0.003969796844 -0.02791360268
-0.00429604547 0.02915948578 0.004231491677 -0.02151176168
-0.00529896891 0.02597816507 0.00413536246 -0.0168015657
-0.00610909752 0.02276443294 0.003741235289 -0.01346663808
-0.006688163511 0.01953708045 0.003114184689 -0.01136007496
-0.007013912444 0.01630770737 0.00232897994 -0.01022407912
-0.007090619238 0.01308131622 0.001465556218 -0.009718170286
-0.006950664256 0.00985802718 0.0005936993944 -0.009631293554
-0.006645952762 0.006633459634 -0.0002334133945 -0.009753399715
-0.006235805755 0.003399610647 -0.0009757586524 -0.009890113155
-0.005779553538 0.0001466650124 -0.001598601893 -0.009845688611
-0.005335114784 -0.003134045127 -0.002069235001 -0.009586306006
-0.004943003374 -0.006441895048 -0.002376332682 -0.009168198321
-0.004602692689 -0.009765817556 -0.002541300821 -0.009086306644
-0.004307616823 -0.01309794999 -0.002585800689 -0.009112687184
-0.004051879209 -0.01643320498 -0.00252820354 -0.009185931252
-0.003830211906 -0.01976833098 -0.002383968115 -0.009296033125
-0.003637906229 -0.02310131858 -0.002166048111 -0.009432069788
-0.003470742053 -0.02643099037 -0.00188528542 -0.009577619296
-0.003324924544 -0.02975672158 -0.00155077071 -0.009717325339
-0.00319703232 -0.03307825235 -0.001170162683 -0.009841292422
-0.003083978148 -0.03639556292 -0.0007499628501 -0.009946341092
-0.002982981458 -0.03970879133 -0.0002957457895 -0.01003532609
-0.00289155096 -0.04301817918 0.0001876533016 -0.01011518308
-0.0028074751 -0.04632403522 0.0006959907852 -0.01019431539
-0.002728817922 -0.0496267101 0.001225502684 -0.01028001474
-0.002653917925 -0.05292657775 0.001772824317 -0.01037654077
-0.002581387677 -0.05622402055 0.002334936659 -0.0104842454
-0.002510112163 -0.05951941676 0.002909134363 -0.01059980766
-0.002439244179 -0.06281312944 0.003493010278 -0.01071735196
-0.002368195415 -0.06610549663 0.004084451371 -0.01083003868
-0.002296622293 -0.06939682288 0.004681641111 -0.01093167174
-0.00222440615 -0.07268737244 0.005283063782 -0.011017946
-0.002151627848 -0.07597736436 0.0058875066 -0.01108710846
-0.002078537484 -0.07926696983 0.006494056206 -0.01113997533
-0.002005520371 -0.08255631176 0.007102086849 -0.01117938898
-0.001933060874 -0.08584546694 0.007711238487 -0.01120929384
-0.001861705919 -0.08913447043 0.008321384073 -0.01123365487
-0.001792030067 -0.09242332215 0.008932586322 -0.01125544501
-0.001724603852 -0.09571199543 0.009545045337 -0.01127589712
-0.001659966729 -0.09900044697 0.01015903942 -0.01129415924
-0.001598605473 -0.1022886278 0.0107748622 -0.01130741464
-0.001540938278 -0.1055764948 0.01139275969 -0.01131143828
-0.00148730422 -0.1088640218 0.01201287125 -0.01130147215
-0.001437957265 -0.1121512096 0.0126351783 -0.01127323012
-0.001393063669 -0.1154380947 0.01325946417 -0.0112238091
-0.001352701454 -0.1187247548 0.01388528792 -0.01115229867
-0.001316860767 -0.1220113118 0.01451197398 -0.01105995036
-0.001285444159 -0.1252979309 0.01513861846 -0.01094987535
-0.001258266265 -0.1285848162 0.01576411173 -0.01082635955
-0.001235052887 -0.1318722024 0.01638717613 -0.01069398379
-0.001215439956 -0.1351603441 0.01700641628 -0.01055678218
-0.001198973338 -0.1384495023 0.0176203791 -0.01041764903
-0.001185110679 -0.1417399302 0.01822761993 -0.01027811755
-0.001173226633 -0.1450318591 0.01882677082 -0.01013851134
-0.001162622647 -0.1483254849 0.01941660719 -0.009998352496
-0.001152542149 -0.1516209579 0.01999610907 -0.009856839941
-0.001142191485 -0.1549183741 0.02056451375 -0.009713212446
-0.001130766261 -0.1582177714 0.02112135703 -0.009566881637
-0.001117482109 -0.161519128 0.02166650092 -0.009417332175
-0.00110160823 -0.1648223649 0.0222001467 -0.009263894012
-0.001082501541 -0.1681273509 0.02272283242 -0.009105551091
-0.001059638953 -0.1714339098 0.02323541538 -0.008940936961
-0.001032645195 -0.1747418292 0.02373904012 -0.008768585834
-0.001001313786 -0.1780508701 0.02423509376 -0.008587390962
-0.0009656191813 -0.1813607765 0.02472515064 -0.008397119458
-0.0009257187431 -0.1846712851 0.02521090903 -0.008198787568
-0.0008819440054 -0.187982134 0.02569412289 -0.007994733031
-0.0008347815361 -0.191293071 0.02617653216 -0.007788320672
-0.0007848445723 -0.1946038603 0.02665979504 -0.007583345306
-0.0007328373567 -0.1979142887 0.02714542592 -0.007383303279
-0.0006795146877 -0.2012241712 0.02763474228 -0.0071907501
-0.0006256395609 -0.2045333548 0.02812882363 -0.007006930704
-0.0005719418787 -0.2078417218 0.02862848495 -0.006831775135
-0.0005190810452 -0.2111491908 0.02913426643 -0.006664232408
-0.000467614857 -0.2144557173 0.02964644021 -0.006502812999
-0.0004179764958 -0.2177612905 0.03016503426 -0.00634615994
-0.0003704606942 -0.2210659295 0.03068987217 -0.006193481885
-0.0003252193484 -0.224369676 0.03122062712 -0.006044747181
-0.0002822660868 -0.2276725849 0.03175688752 -0.005900626742
-0.0002414886302 -0.2309747135 0.0322982313 -0.005762252354
-0.0002026672749 -0.234276108 0.03284430613 -0.005630900437
-0.0001654975215 -0.2375767905 0.0333949125 -0.005507710263
-0.0001296147874 -0.2408767433 0.03395008797 -0.00539350745
-9.461926592e-05 -0.2441758944 0.03451019107 -0.005288747428
-6.009930006e-05 -0.2474741006 0.03507598481 -0.005193541783
-2.56520804e-05 -0.2507711302 0.03564872108 -0.005107700526
9.099007539e-06 -0.2540666417 0.03623022807 -0.005030723222
4.449053168e-05 -0.257360158 0.03682300446 -0.00496169863
8.080831656e-05 -0.2606510326 0.03743032482 -0.004899114414
0.0001182791654 -0.263938403 0.0380563614 -0.004840620133
0.0001570639925 -0.2672211265 0.03870632809 -0.004782812952
0.0001972512188 -0.270497689 0.03938665166 -0.004721116857
0.0002388492695 -0.2737660773 0.04010517542 -0.004649801202
0.0002817771002 -0.277023597 0.04087139817 -0.004562141207
0.0003258518195 -0.2802666148 0.04169674901 -0.004450677347
0.0003707726381 -0.2834901949 0.04259489323 -0.004307502478
0.0004161005046 -0.2866875838 0.04358205612 -0.00412451374
0.0004612328878 -0.2898494897 0.04467733635 -0.003893621554
0.0005053732746 -0.2929630754 0.04590295509 -0.003607012123
0.0005474952168 -0.2960105738 0.04728434409 -0.003257702451
0.0005863015259 -0.2989674147 0.04884990578 -0.002840791296
0.0006201810995 -0.3017997629 0.05063016788 -0.002355972074
0.0006471699505 -0.3044614308 0.05265589179 -0.001811992986
0.0006649309154 -0.3068902985 0.05495447719 -0.001233723372
0.0006707801535 -0.3090047661 0.05754377379 -0.000672063961
0.0006618088917 -0.3107014884 0.06042230536 -0.0002156107882
0.0006351724405 -0.3118567938 0.06355526084 0
0.0005873487365 -0.3123487703 0.06694792554 0
