-0.007760574168 0.3488671362 0.05420090904 0
-0.008068541451 0.3477773735 0.05091371064 0.0004512848264
-0.008297105807 0.3458341308 0.04819199827 0.0008876653465
-0.008493042322 0.3435843636 0.04571190698 0.001316621898
-0.008658315021 0.3410943627 0.04346818172 0.001743459712
-0.008795478945 0.3384176548 0.04144669523 0.002173024557
-0.008907292931 0.3355965379 0.03962875009 0.002608367441
-0.008996488707 0.3326639551 0.03799392148 0.003050439173
-0.009065646964 0.3296453231 0.03652182286 0.003498451338
-0.00911714178 0.3265601409 0.03519312443 0.003950584266
-0.009153125732 0.3234233253 0.0339900771 0.004404784853
-0.009175537079 0.3202462806 0.0328967225 0.004859464229
-0.009186117118 0.3170377354 0.03189891235 0.0053139728
-0.009186430487 0.3138043872 0.03098421877 0.005768796302
-0.009177884357 0.3105513944 0.0301417876 0.00622547723
-0.009161744513 0.3072827489 0.02936216763 0.006686315639
-0.009139147652 0.3040015576 0.02863713568 0.007153937248
-0.009111110039 0.3007102544 0.02795952912 0.007630831142
-0.009078533135 0.2974107602 0.02732309232 0.008118954448
-0.009042207085 0.2941046033 0.02672234026 0.008619478875
-0.009002813005 0.2907930103 0.02615244011 0.009132719615
-0.008960925016 0.2874769748 0.02560911097 0.009658247579
-0.008917012861 0.2841573097 0.02508854047 0.01019514835
-0.008871445773 0.280834686 0.02458731704 0.01074236245
-0.008824498095 0.2775096636 0.02410237618 0.01129902644
-0.008776356921 0.2741827131 0.02363095874 0.01186473562
-0.008727131834 0.2708542338 0.02317057965 0.01243966676
-0.008676866603 0.2675245661 0.0227190051 0.01302452977
-0.008625552528 0.2641940017 0.02227423644 0.01362035556
-0.00857314296 0.2608627907 0.02183449921 0.01422816514
-0.008519568425 0.2575311467 0.02139823577 0.01484859524
-0.008464751685 0.2541992511 0.02096410008 0.01548157042
-0.00840862207 0.2508672555 0.02053095356 0.01612610701
-0.008351128396 0.2475352837 0.02009786102 0.01678030929
-0.008292249865 0.2442034331 0.01966408569 0.01744157789
-0.008232004419 0.2408717758 0.019229083 0.01810700122
-0.008170454163 0.2375403595 0.01879249245 0.01877385536
-0.008107707575 0.2342092083 0.01835412748 0.01944010596
-0.008043918435 0.2308783247 0.01791396319 0.02010479673
-0.007979281521 0.2275476902 0.01747212203 0.02076822707
-0.007914025304 0.2242172683 0.01702885761 0.02143186386
-0.007848402023 0.2208870061 0.01658453699 0.02209799033
-0.007782675646 0.2175568374 0.01613962177 0.02276915641
-0.007717108315 0.2142266859 0.01569464838 0.02344754344
-0.007651945982 0.2108964681 0.01525020813 0.02413438093
-0.007587403959 0.2075660968 0.01480692736 0.02482954544
-0.007523653109 0.2042354843 0.01436544824 0.02553143366
-0.007460807412 0.2009045455 0.01392641051 0.02623714061
-0.007398913546 0.1975732004 0.01349043474 0.02694290553
-0.007337943061 0.1942413767 0.01305810723 0.02764472774
-0.00727778759 0.1909090115 0.01262996698 0.02833901837
-0.007218257429 0.1875760525 0.01220649494 0.02902314986
-0.007159083642 0.1842424592 0.0117881056 0.02969579322
-0.007099923728 0.1809082032 0.01137514117 0.03035698598
-0.007040370687 0.177573268 0.01096786823 0.0310079369
-0.006979965208 0.174237649 0.01056647706 0.03165063036
-0.006918210539 0.1709013523 0.01017108329 0.0322873309
-0.006854589486 0.1675643937 0.009781732072 0.03292009807
-0.006788582897 0.1642267977 0.009398404346 0.0335504043
-0.00671968889 0.1608885958 0.009021025211 0.03417891133
-0.006647442072 0.1575498244 0.00864947404 0.03480541624
-0.006571431946 0.1542105233 0.008283596154 0.03542893858
-0.006491319755 0.1508707335 0.007923215755 0.03604789639
-0.006406853028 0.1475304948 0.007568149852 0.03666031414
-0.006317877167 0.1441898439 0.007218222867 0.03726401827
-0.006224343538 0.1408488117 0.006873281651 0.03785679829
-0.006126313606 0.1375074219 0.00653321064 0.03843653386
-0.0060239588 0.1341656887 0.006197946894 0.0390013023
-0.005917555965 0.1308236152 0.005867494824 0.03954948173
-0.005807478348 0.1274811927 0.005541940445 0.0400798533
-0.005694182279 0.1241383996 0.005221465069 0.04059168716
-0.005578189791 0.1207952011 0.004906358417 0.04108477926
-0.005460067594 0.1174515502 0.004597031234 0.04155939849
-0.005340402922 0.1141073879 0.004294027575 0.04201611132
-0.005219776824 0.1107626448 0.003998037048 0.04245547461
-0.005098735585 0.1074172432 0.003709907413 0.0428776214
-0.004977760935 0.1040710991 0.003430658065 0.04328180009
-0.004857239708 0.1007241252 0.003161495053 0.04366595263
-0.004737433556 0.09737623392 0.002903828399 0.04402642372
-0.004618449221 0.09402734195 0.002659292667 0.04435787488
-0.00450020973 0.09067737465 0.002429771788 0.04465343772
-0.004382426725 0.08732627266 0.002217429378 0.04490508863
-0.004264573902 0.08397400022 0.002024745849 0.04510417621
-0.004145861386 0.08062055658 0.00185456381 0.04524199892
-0.004025210575 0.07726599172 0.001710143368 0.04531032417
-0.003901228838 0.07391042822 0.00159522909 0.04530176536
-0.00377218321 0.07055409185 0.001514130488 0.04520998538
-0.003635972115 0.06719735424 0.001471817943 0.04502975856
-0.003490094029 0.06384079231 0.001474035957 0.04475699058
-0.003331612014 0.06048527081 0.001527435406 0.0443888788
-0.003157113218 0.05713205646 0.001639725949 0.04392456459
-0.002962662767 0.05378297534 0.001819848765 0.04336702138
-0.002743752246 0.05044062878 0.002078167919 0.04272762548
-0.002495244195 0.04710868845 0.002426675528 0.04203541238
-0.002211316142 0.04379229711 0.00287920056 0.04135137038
-0.001885411153 0.04049860931 0.003451602491 0.04077942672
-0.001510300728 0.03723832656 0.004161740247 0.04053120875
-0.001104233665 0.03401710155 0.005010193158 0.04091198153
-0.0007184907975 0.03082298008 0.005964614361 0.04189172621
-0.0004046108819 0.0276438124 0.006992039083 0.0434764386
-0.0002152489348 0.02446883126 0.008059804095 0.04550987082
-0.0002034770079 0.02129166324 0.009132346189 0.0477847682
-0.0004176598228 0.01811055505 0.01016557612 0.05023460983
-0.0008934758268 0.01492839983 0.01110143915 0.05292443034
-0.001645621233 0.01175670762 0.01186883688 0.0559330665
-0.002663916363 0.008613609465 0.0123939631 0.05936372286
-0.003915522794 0.005521589613 0.01261000402 0.06332502135
-0.00535048809 0.002508484189 0.01246032779 0.06787127249
-0.006907709569 -0.0003911385397 0.01189840791 0.07299855299
-0.00851752231 -0.00313390858 0.01088801391 0.0785635144
-0.0101019074 -0.005666308627 0.009407066527 0.08384863655
-0.01157745482 -0.007926401829 0.007458665426 0.08771825385
-0.01288836399 -0.009862426606 0.005091409199 0.08994638253
-0.01401431316 -0.0114429847 0.002386692609 0.09091816869
-0.01494520272 -0.01265304527 -0.0005733245227 0.09092148834
-0.01568057672 -0.0134932244 -0.003712818281 0.09014423023
-0.01622778992 -0.0139763389 -0.006965522182 0.08872215873
-0.01660005776 -0.01412387364 -0.01027633237 0.08680210578
-0.01681465275 -0.01396278896 -0.01360164119 0.08458913304
-0.01689138841 -0.01352288458 -0.01690876865 0.08235138442
-0.01685144576 -0.01283479113 -0.02017484069 0.08037675342
-0.0167165381 -0.01192856241 -0.02338539794 0.0789006201
-0.01650837434 -0.01083278775 -0.02653293893 0.07803778708
-0.01624836631 -0.009574123366 -0.02961552705 0.07774355524
-0.01595752267 -0.008177143575 -0.03263553048 0.07780343208
-0.01565647733 -0.006664425578 -0.03559852004 0.07781054171
-0.01536492002 -0.005052999731 -0.03851920721 0.07759259001
-0.01501070754 -0.003369022268 -0.04139634404 0.07713371811
-0.01444563289 -0.001634735154 -0.04420565556 0.07467447055
-0.01352267224 0.0001181954101 -0.04690174755 0.06947529337
-0.01211278038 0.001847754031 -0.04938958023 0.05978366412
-0.01015194487 0.0035142517 -0.05151656376 0.04486383528
-0.007670689874 0.005080197947 -0.05310524355 0.0247417041
-0.004792157991 0.006510240161 -0.05399421438 0.000218511428
-0.001708374798 0.00777117697 -0.0540684549 -0.02751403471
0.001344772628 0.008832265307 -0.05327215089 -0.05670139718
0.004106917585 0.009667394628 -0.05162015657 -0.08516218052
0.006315588899 0.01026006176 -0.04921150521 -0.1101980583
0.007738526909 0.01060945851 -0.04623369638 -0.1279793659
0.008216372761 0.01073464843 -0.0429454392 -0.1348894822
0.007747121172 0.0106530377 -0.0396361565 -0.1316978701
0.006468455334 0.01037516164 -0.0365488984 -0.1216418542
0.004547692948 0.00991859231 -0.03382943873 -0.1074654331
0.002145767559 0.009300024936 -0.03155404787 -0.09114308715
-0.0005977062916 0.008531165168 -0.02975520673 -0.07392714112
-0.003566172852 0.007617437208 -0.02844306824 -0.05651930076
-0.006660841821 0.006558487705 -0.02762039629 -0.03928440254
-0.009792245706 0.005349890135 -0.02729145554 -0.02248023441
-0.01287055445 0.003985959316 -0.02746585093 -0.006493739117
-0.01579552722 0.002464004461 -0.02815775454 0.007927778156
-0.01844698651 0.0007906098201 -0.02938002761 0.01947105051
-0.02067778917 -0.00100953094 -0.03113194179 0.02612231735
-0.0223134621 -0.002882470369 -0.03337923802 0.0251989793
-0.02316533709 -0.00473377851 -0.0360273152 0.01392890378
-0.0230704513 -0.006418678807 -0.03889304626 -0.007327552759
-0.02200900529 -0.007756097208 -0.0417425095 -0.03436617725
-0.02011569118 -0.008583678438 -0.04434756392 -0.06309532302
-0.01760462484 -0.008796778138 -0.0465225378 -0.09104815253
-0.01472725331 -0.00835136032 -0.04814392919 -0.116381372
-0.01174220561 -0.007256988658 -0.04915268295 -0.1372647735
-0.008890460602 -0.005569855683 -0.04955317214 -0.1530740555
-0.006368506029 -0.003386562734 -0.04940866503 -0.1635812824
-0.004294760864 -0.0008327379136 -0.04882620186 -0.1695289134
-0.00268932946 0.001959525455 -0.04792616846 -0.172411527
-0.001483678175 0.004876763126 -0.04680943551 -0.1741842213
-0.00055766217 0.007839545765 -0.04554255646 -0.175694895
0.0002237197646 0.01080230294 -0.0441758581 -0.1766329813
0.000998643673 0.01373200347 -0.0427532642 -0.1765810177
0.001818102086 0.01661758021 -0.04127878142 -0.1761239512
0.002669345274 0.01945757071 -0.03973554357 -0.17552123
0.003538517935 0.02224489103 -0.03810877759 -0.1749477932
0.004411614431 0.02497101143 -0.03638371973 -0.1745479774
0.005274209289 0.02762552617 -0.03454584034 -0.1744326463
0.006111188428 0.03019571507 -0.03258117228 -0.174647082
0.006906493761 0.03266610244 -0.03047677498 -0.1751385843
0.007642899721 0.035018029 -0.02822136935 -0.1757476232
0.008301848388 0.03722926694 -0.02580617938 -0.1762328869
0.008863380238 0.03927372692 -0.02322601276 -0.176323908
0.00930620932 0.04112132897 -0.02048060061 -0.1757805757
0.009608003559 0.04273813552 -0.01757619294 -0.1744340943
0.009745939797 0.04408687053 -0.01452736516 -0.1721920262
0.0096976044 0.04512796743 -0.01135892924 -0.1690073848
0.009442296901 0.04582128864 -0.008107759515 -0.1648298019
0.008962758306 0.04612862733 -0.00482424425 -0.1595665256
0.008247280253 0.04601702015 -0.00157297639 -0.153077204
0.007292054363 0.04546275864 0.001567766596 -0.1452099208
0.006103501881 0.04445578848 0.004508190972 -0.1358636363
0.004700206607 0.04300395949 0.007151103711 -0.1250455294
0.003113877453 0.04113624997 0.00939816589 -0.1129879585
0.001389903059 0.03890166657 0.01116181029 -0.1010369965
-0.000391149299 0.03637268228 0.01240435186 -0.0906333064
-0.002138778414 0.03362757305 0.01313926274 -0.08208492512
-0.003777019098 0.03073087204 0.01340451136 -0.07512895176
-0.00524241481 0.02773318013 0.01325142979 -0.06941283845
-0.006482377309 0.02467254837 0.01273888083 -0.06459174634
-0.007455483637 0.02157711758 0.0119306948 -0.06032395634
-0.008134785324 0.01846828002 0.01089624585 -0.05633809292
-0.008512905276 0.01535990545 0.009711593612 -0.0525561151
-0.008606407953 0.012255385 0.008454466742 -0.04906158169
-0.008454253866 0.009152010944 0.007192276764 -0.04596809706
-0.008111082189 0.006043479555 0.005975324347 -0.04333168468
-0.007637990581 0.002920344126 0.00483905646 -0.04111413935
-0.007095849898 -0.0002294561642 0.003811570017 -0.03923677506
-0.006543965863 -0.003418553756 0.002919299365 -0.03779652187
-0.006037946596 -0.006656110051 0.002185447117 -0.03686422449
-0.005595560774 -0.009935145347 0.001606106419 -0.03625654766
-0.00520811058 -0.01324237395 0.001161626326 -0.03580994741
-0.004867634256 -0.01656862957 0.0008344837348 -0.0354220374
-0.004567103415 -0.01990734248 0.0006093573012 -0.03503519163
-0.004300386503 -0.0232538404 0.0004729462442 -0.0346187508
-0.004062185707 -0.02660482944 0.000413754396 -0.03415690433
-0.003847961603 -0.02995801227 0.0004218679454 -0.03364183034
-0.003653854011 -0.03331180903 0.0004887427856 -0.03307015442
-0.003476603917 -0.03666515463 0.0006070096709 -0.03244121316
-0.003313479126 -0.04001735207 0.0007703007417 -0.03175622862
-0.003162205039 -0.04336796667 0.0009730982629 -0.03101790186
-0.00302090121 -0.04671674996 0.001210604876 -0.03023015473
-0.002888023891 -0.0500635849 0.001478633834 -0.0293978783
-0.00276231458 -0.05340844647 0.001773517292 -0.02852662966
-0.00264275441 -0.05675137308 0.002092030538 -0.0276222755
-0.002528524144 -0.06009244589 0.002431330074 -0.02669061486
-0.002418969472 -0.06343177347 0.002788903481 -0.02573702853
-0.002313571236 -0.06676948058 0.003162529139 -0.02476620134
-0.002211920204 -0.07010569963 0.003550244011 -0.02378195076
-0.002113695927 -0.07344056428 0.003950317824 -0.02278717687
-0.002018649241 -0.07677420465 0.004361232193 -0.02178392849
-0.00192658794 -0.08010674358 0.004781663341 -0.02077356353
-0.001837365158 -0.08343829407 0.005210467292 -0.0197569707
-0.001750870027 -0.0867689574 0.005646666545 -0.01873481522
-0.001667020202 -0.09009882203 0.006089437459 -0.01770777337
-0.001585755884 -0.09342796309 0.006538097699 -0.01667672685
-0.001507035028 -0.09675644248 0.006992093332 -0.01564289715
-0.001430829454 -0.1000843094 0.007450985282 -0.0146079091
-0.00135712165 -0.1034116013 0.007914435051 -0.01357378156
-0.001285902076 -0.1067383453 0.00838218974 -0.01254285032
-0.001217166834 -0.1100645597 0.008854066566 -0.01151763417
-0.001150915593 -0.1133902557 0.009329937141 -0.0105006608
-0.001087149693 -0.1167154397 0.009809711887 -0.00949427415
-0.001025870361 -0.1200401148 0.01029332502 -0.008500449299
-0.0009670770107 -0.1233642828 0.0107807205 -0.007520644041
-0.0009107655753 -0.1266879461 0.01127183939 -0.006555715884
-0.0008569268767 -0.1300111095 0.01176660903 -0.005605928068
-0.0008055450066 -0.1333337813 0.01226493418 -0.004671057118
-0.0007565957227 -0.1366559741 0.01276669054 -0.00375059787
-0.0007100448662 -0.1399777063 0.0132717206 -0.002844042024
-0.0006658468152 -0.1432990019 0.01377983184 -0.001951187223
-0.0006239429964 -0.1466198905 0.01429079727 -0.001072420155
-0.0005842604889 -0.1499404075 0.01480435791 -0.0002089141586
-0.0005467107613 -0.1532605931 0.0153202272 0.0006373080912
-0.0005111885909 -0.1565804913 0.01583809682 0.001463473291
-0.000477571225 -0.1599001492 0.01635764366 0.002266311894
-0.0004457178439 -0.1632196155 0.01687853756 0.003042428201
-0.0004154693962 -0.1665389392 0.0174004496 0.003788717932
-0.0003866488693 -0.1698581681 0.01792306051 0.004502750507
-0.0003590620617 -0.1731773475 0.01844606909 0.005183037118
-0.0003324989106 -0.1764965188 0.0189692005 0.005829127886
-0.0003067354195 -0.1798157178 0.01949221422 0.006441517559
-0.0002815362117 -0.1831349742 0.02001491181 0.007021380703
-0.0002566577158 -0.1864543094 0.02053714431 0.007570194319
-0.0002318519639 -0.1897737363 0.02105881956 0.008089329154
-0.0002068709537 -0.1930932572 0.0215799094 0.008579695432
-0.0001814714986 -0.1964128636 0.02210045691 0.00904151333
-0.00015542046 -0.1997325346 0.02262058381 0.009474247903
-0.0001285002251 -0.2030522354 0.02314049811 0.009876710014
-0.0001005142745 -0.206371917 0.02366050221 0.01024728879
-7.129266043e-05 -0.209691514 0.02418100136 0.01058425544
-4.069720659e-05 -0.2130109431 0.02470251276 0.0108860683
-8.626238624e-06 -0.216330102 0.02522567532 0.01115161583
2.498134346e-05 -0.2196488661 0.0257512602 0.01138035471
6.01428215e-05 -0.2229670871 0.0262801824 0.01157232807
9.682939174e-05 -0.2262845887 0.02681351357 0.01172807709
0.0001349649883 -0.229601163 0.02735249653 0.0118484807
0.0001744262726 -0.2329165655 0.02789856188 0.011934569
0.0002150438191 -0.2362305077 0.02845334751 0.01198735485
0.0002566044783 -0.2395426496 0.02901872165 0.01200771667
0.000298854851 -0.2428525876 0.0295968106 0.01199634765
0.0003415057576 -0.2461598412 0.03019003216 0.01195376761
0.0003842375418 -0.2494638343 0.0308011363 0.01188037713
0.0004267060083 -0.252763871 0.03143325422 0.01177652354
0.0004685487592 -0.2560591051 0.03208995768 0.01164254492
0.0005093916676 -0.2593484989 0.03277532999 0.01147876211
0.0005488552068 -0.2626307707 0.03349405033 0.01128539736
0.0005865603447 -0.2659043244 0.03425149273 0.01106241052
0.0006221337109 -0.2691671584 0.03505384069 0.01080925719
0.000655211754 -0.2724167439 0.03590821782 0.01052458725
0.0006854436303 -0.2756498656 0.03682283333 0.01020591592
0.0007124926007 -0.2788624093 0.03780713973 0.009849312762
0.0007360357785 -0.2820490829 0.0388719961 0.009449167684
0.0007557621622 -0.2852030462 0.04002982597 0.00899810623
0.0007713690345 -0.2883154253 0.04129474983 0.008487141965
0.0007825570326 -0.2913746771 0.04268266024 0.007906172013
0.0007890245317 -0.2943657672 0.04421118822 0.007244946237
0.0007904624961 -0.297269122 0.04589948066 0.006494673694
0.0007865517132 -0.3000593236 0.04776766822 0.005650471258
0.0007769654122 -0.3027035431 0.04983584674 0.004714898987
0.000761381755 -0.3051597652 0.05212232534 0.003702832126
0.0007395125274 -0.3073749754 0.05464081958 0.002647815586
0.0007111562477 -0.3092836849 0.05739621658 0.001609692607
0.0006762849713 -0.3108074899 0.06037857492 0.0006824830989
0.0006351724405 -0.3118567938 0.06355526084 0
0.0005873487365 -0.3123487703 0.06694792554 0
