-0.007760574168 0.3488671362 0.05420090904 0
-0.008068541451 0.3477773735 0.05091371064 -0.0005455376825
-0.008299309159 0.345876831 0.04814972385 -0.001085829931
-0.008498228313 0.3436743863 0.04560815425 -0.001622369166
-0.008666821339 0.3412292348 0.04328949258 -0.00215588391
-0.008807008454 0.3385975153 0.04119063932 -0.002685624771
-0.008921455283 0.3358156948 0.03929420001 -0.003210087237
-0.00901276459 0.332915095 0.03758322944 -0.003729252714
-0.009083468403 0.329921342 0.03604050155 -0.004242682486
-0.009135920807 0.3268542694 0.03464865748 -0.004749492916
-0.009172318354 0.3237295035 0.03339114501 -0.005248768934
-0.009194668304 0.3205593412 0.03225255707 -0.005739237828
-0.00920475237 0.317353396 0.03121879278 -0.006219269398
-0.009204138019 0.314119173 0.03027712613 -0.006687089207
-0.009194201087 0.3108625432 0.02941614515 -0.007140948933
-0.009176150582 0.3075881085 0.02862566557 -0.007579238691
-0.00915105203 0.3042994779 0.02789665899 -0.008000556871
-0.009119850411 0.3009994858 0.02722115631 -0.008403732772
-0.009083394165 0.2976903672 0.02659213139 -0.008787821687
-0.009042453413 0.2943738895 0.02600340673 -0.009152076754
-0.008997730052 0.2910514524 0.02544957779 -0.009495913973
-0.00894987071 0.2877241708 0.02492590646 -0.00981889854
-0.008899490425 0.2843929387 0.02442822643 -0.01012072481
-0.008847177699 0.2810584726 0.02395291081 -0.01040115188
-0.008793471877 0.2777213519 0.02349678106 -0.01065996296
-0.008738874702 0.2743820668 0.02305690138 -0.0108970099
-0.008683911114 0.2710410464 0.02263046705 -0.01111223884
-0.008629127011 0.2676986394 0.02221504452 -0.01130559269
-0.00857496813 0.2643551024 0.02180876637 -0.01147691514
-0.008521660236 0.2610106123 0.02141032722 -0.01162599021
-0.008469193558 0.2576653019 0.02101875738 -0.01175264742
-0.00841742632 0.2543192755 0.02063329683 -0.01185679334
-0.008366172314 0.2509726156 0.02025334838 -0.01193842032
-0.00831526058 0.2476253902 0.01987841092 -0.01199760755
-0.008264544849 0.2442776559 0.01950806489 -0.01203451777
-0.008213902788 0.2409294592 0.01914196198 -0.01204939016
-0.008163231409 0.2375808382 0.01877981538 -0.01204255398
-0.008112440309 0.2342318243 0.01842139093 -0.01201434795
-0.008061445701 0.2308824431 0.01806649917 -0.01196515596
-0.008010166846 0.2275327156 0.01771498841 -0.01189535656
-0.007958525257 0.2241826592 0.01736673873 -0.01180540442
-0.007906446268 0.2208322878 0.01702165696 -0.0116957486
-0.007853862152 0.217481613 0.01667967258 -0.0115668489
-0.007800715898 0.2141306438 0.0163407345 -0.01141915103
-0.007746964844 0.2107793872 0.01600480859 -0.0112530922
-0.007692583609 0.2074278485 0.01567187587 -0.0110690656
-0.007637565938 0.2040760311 0.0153419314 -0.01086748617
-0.007581925318 0.2007239367 0.0150149837 -0.01064876499
-0.007525694362 0.1973715655 0.01469105476 -0.01041339064
-0.007468923073 0.1940189161 0.01437018047 -0.01016187537
-0.007411676175 0.1906659854 0.01405241154 -0.009894823182
-0.007354029714 0.1873127688 0.01373781461 -0.009612865691
-0.007296067133 0.1839592601 0.01342647363 -0.009316682049
-0.007237875041 0.1806054516 0.01311849116 -0.009006998131
-0.00717953883 0.1772513339 0.01281398959 -0.008684615549
-0.007121138307 0.1738968964 0.01251311217 -0.008350379837
-0.007062743456 0.1705421271 0.01221602372 -0.008005206044
-0.007004410441 0.1671870129 0.011922911 -0.00765004471
-0.006946177946 0.1638315399 0.01163398283 -0.007285884134
-0.006888063928 0.1604756931 0.01134946994 -0.006913695277
-0.006830062863 0.1571194574 0.01106962471 -0.006534403397
-0.006772143526 0.1537628172 0.01079472096 -0.006148873696
-0.006714247317 0.150405757 0.01052505399 -0.005757924884
-0.006656287064 0.1470482612 0.01026094098 -0.005362332957
-0.006598146237 0.1436903149 0.01000272216 -0.004962823277
-0.006539678379 0.1403319032 0.00975076277 -0.004560071228
-0.006480706612 0.136973012 0.009505456217 -0.004154706381
-0.006421023012 0.133613628 0.009267228415 -0.003747344702
-0.00636038767 0.1302537382 0.009036543647 -0.003338552559
-0.00629852728 0.126893331 0.008813912019 -0.002928826326
-0.006235133125 0.1235323956 0.008599898646 -0.00251869221
-0.006169858332 0.1201709228 0.008395134733 -0.002108736576
-0.006102314318 0.1168089054 0.008200330643 -0.001699543781
-0.006032066357 0.113446339 0.008016291111 -0.001291712114
-0.005958628171 0.1100832236 0.007843932728 -0.0008859678913
-0.005881455511 0.106719565 0.007684303884 -0.0004831863622
-0.005799938611 0.1033553775 0.007538607326 -8.442588436e-05
-0.00571339345 0.09999068794 0.007408225601 0.0003091026226
-0.005621051687 0.09662554008 0.007294749626 0.0006962331414
-0.005522049151 0.09326000178 0.007200010732 0.00107580897
-0.005415412726 0.08989417397 0.007126116569 0.001445857758
-0.005300045451 0.0865282028 0.007075491336 0.001805114077
-0.00517470966 0.08316229584 0.007050920871 0.002154807165
-0.005038007976 0.07979674346 0.007055603213 0.002498401093
-0.004888361981 0.076431947 0.007093205288 0.002839837973
-0.004723988455 0.07306845586 0.007167926446 0.003183607778
-0.004542873147 0.06970701605 0.007284569505 0.003530697543
-0.004342742216 0.06634863378 0.007448619936 0.003864696969
-0.004121031715 0.06299465846 0.007666333557 0.00419474748
-0.003874855845 0.05964689069 0.007944832712 0.00454877332
-0.00360097533 0.05630772294 0.008292210277 0.004956658237
-0.003295768281 0.05298032491 0.008717639199 0.005425197983
-0.002955205852 0.04966887289 0.009231483746 0.005938495294
-0.002574836481 0.04637882029 0.009845413478 0.006450841643
-0.00214982034 0.04311744762 0.01057248169 0.006877807544
-0.001675004079 0.03989449535 0.01142708584 0.007311442563
-0.001147460511 0.03671958608 0.01242420453 0.009581838366
-0.0006147980354 0.03358653367 0.01354784394 0.01164096864
-0.0001379770368 0.0304804309 0.01476702057 0.01310281633
0.0002224187352 0.02738495016 0.01605116633 0.01494741859
0.0004060788581 0.02428781342 0.01736613979 0.01678958705
0.0003607169021 0.02118103904 0.01866720752 0.01854048019
5.143730889e-05 0.01806162985 0.01989978721 0.01994034421
-0.0005380140332 0.01493429352 0.021004857 0.02114277494
-0.001407049903 0.01181124461 0.02192345966 0.02239179078
-0.00253932292 0.008709824262 0.02259853067 0.02386703863
-0.003904738565 0.005651079468 0.02297320582 0.02540713805
-0.00546080466 0.00265963465 0.02299289341 0.02678515034
-0.007156096227 -0.0002324863693 0.02260673264 0.02789090702
-0.008929256279 -0.00298281657 0.02177152958 0.02872868517
-0.01070730281 -0.005539503853 0.02045473964 0.02928493235
-0.0124020679 -0.007843088953 0.01864279816 0.02938584519
-0.01391831551 -0.009831482558 0.01635942177 0.02855382257
-0.01518607144 -0.01145496784 0.01367451526 0.02659837696
-0.01618633988 -0.01268834035 0.01069037496 0.0238042381
-0.01692446782 -0.01352598836 0.007504270254 0.02059368175
-0.01742027296 -0.01397910055 0.00419891392 0.01750645967
-0.01770183872 -0.01407159533 0.0008419024877 0.01481017745
-0.01779951611 -0.01383506515 -0.002515932506 0.01254379985
-0.01774231764 -0.01330284466 -0.005838989804 0.01071760934
-0.01756067619 -0.01250472001 -0.009102614224 0.009394818026
-0.01728882245 -0.01146599322 -0.01229023099 0.00865350212
-0.01696393755 -0.01020909546 -0.0153924784 0.00848398288
-0.01662191011 -0.008756198898 -0.01840638831 0.008716065045
-0.01629444982 -0.007132349548 -0.02133123966 0.009054707308
-0.01601076502 -0.005362931075 -0.02417215266 0.009460137082
-0.01578060569 -0.003475417164 -0.02695526867 0.01149139026
-0.01545744499 -0.001574700639 -0.02972472286 0.01388783199
-0.01483816478 0.0002505963203 -0.03250010963 0.01432090267
-0.01372541467 0.001936629709 -0.0352222866 0.01156457461
-0.01199026339 0.003440621903 -0.03773611472 0.006100462924
-0.009617842679 0.004737135947 -0.03982757575 -0.0005599982455
-0.006708404724 0.005806608803 -0.0412850509 -0.00721267962
-0.003445500296 0.006632398413 -0.04194784844 -0.01362014553
-6.695628482e-05 0.007205140123 -0.04172310409 -0.01998681671
0.003162063495 0.007533076009 -0.04058707019 -0.02629067976
0.005970099702 0.007644812779 -0.03859966704 -0.03212207295
0.008106277883 0.007590007792 -0.03589870184 -0.03669637062
0.009366756295 0.00743250969 -0.03268882707 -0.03937509643
0.009617926156 0.007239585715 -0.02925053557 -0.04026203793
0.008856261208 0.007056604255 -0.02590062101 -0.04011600177
0.007231929053 0.006882357367 -0.02288877831 -0.03959076879
0.004957653248 0.006697035832 -0.02034582206 -0.03883029325
0.002222360463 0.006483456935 -0.01830493365 -0.03775583185
-0.0008231036045 0.006221617701 -0.01675735526 -0.03638766046
-0.004063430255 0.005887420644 -0.01568129129 -0.03481803521
-0.007410595114 0.005452472651 -0.01505645447 -0.03316554249
-0.01079067589 0.004883874013 -0.01487331639 -0.0315555632
-0.01412972619 0.004144625425 -0.01513669648 -0.03010807235
-0.01733919587 0.003195604577 -0.01586442713 -0.02891982396
-0.02030164667 0.002000364156 -0.01708072356 -0.02801687661
-0.02286202142 0.000532525549 -0.01880523214 -0.02735138376
-0.02481662276 -0.001206776329 -0.02102393049 -0.0271992104
-0.02592565869 -0.003160547033 -0.0236327296 -0.02829032022
-0.02602486459 -0.005179016767 -0.02643590532 -0.0311506727
-0.02510277401 -0.007038974144 -0.0291935528 -0.03560923304
-0.02326670765 -0.008530574952 -0.03169636435 -0.04108421701
-0.02069833023 -0.009490958601 -0.03377951382 -0.04713762408
-0.01763738906 -0.009806107191 -0.03531774216 -0.05352628092
-0.01435123347 -0.009418191832 -0.03624060387 -0.06017693961
-0.01110870521 -0.008333593505 -0.03653779728 -0.06714996378
-0.008157289857 -0.006617650785 -0.03625958339 -0.07393630831
-0.005686010843 -0.004381051361 -0.03552065647 -0.07914437291
-0.003788960144 -0.001757181895 -0.03448315775 -0.08148593782
-0.002440100496 0.001120911768 -0.03330997457 -0.08110470742
-0.001503530207 0.004140298188 -0.03210724419 -0.07971373032
-0.000783559723 0.007216105961 -0.03090105993 -0.07911618289
-8.309403192e-05 0.01027618762 -0.0296645205 -0.07929517305
0.0007278993321 0.0132615072 -0.02835371049 -0.07904870424
0.001632552975 0.01618074982 -0.02695118629 -0.07870103166
0.002608207262 0.01902781323 -0.02544875314 -0.07852543295
0.003632602949 0.02179666452 -0.02383820218 -0.07870814153
0.004683201747 0.02448311174 -0.02210917909 -0.07935664445
0.005735676745 0.02708143272 -0.02025099804 -0.08050116549
0.006763407096 0.02958409009 -0.0182525843 -0.08209882676
0.007737354753 0.03198108309 -0.01610282318 -0.08404146192
0.008626708594 0.0342587337 -0.0137918551 -0.08618290289
0.009400791647 0.0363983761 -0.01131256572 -0.08837141485
0.01002932225 0.03837559142 -0.008661804701 -0.09045985191
0.01048162873 0.04015960599 -0.005841726431 -0.09230863218
0.01072661779 0.04171283347 -0.002861985115 -0.09383250108
0.01073697607 0.04299194991 0.0002568750503 -0.09508092388
0.0104920962 0.04395092935 0.003481348014 -0.09619713898
0.009975437374 0.04454489 0.00676418079 -0.09717884901
0.009166269907 0.04473025025 0.01004035341 -0.0976250878
0.008041506658 0.04446666688 0.01322149682 -0.09663903653
0.006583859745 0.04372303482 0.01619275395 -0.09291992956
0.004797394735 0.04249125501 0.0188105504 -0.08560995221
0.002735619324 0.04079910169 0.02092402128 -0.07525718198
0.000523263198 0.03871397764 0.02244524462 -0.06387648593
-0.001696827266 0.03631761583 0.02336158721 -0.05355047179
-0.003799041516 0.03368699952 0.02371865873 -0.04464291991
-0.005689469276 0.03088614137 0.0235843019 -0.03681130503
-0.007298037616 0.02796606545 0.023037273 -0.03132933696
-0.008577029599 0.02496700825 0.02216354372 -0.02838650583
-0.009504955192 0.02192053127 0.0210521289 -0.0275523842
-0.01008575443 0.01885051775 0.01978623757 -0.0278355615
-0.01034069595 0.01577301433 0.01843780698 -0.02853320646
-0.01030226491 0.01269614908 0.01706691584 -0.02934615069
-0.01001271761 0.00962055438 0.0157228607 -0.03009945017
-0.009524728077 0.006542358148 0.01444217046 -0.0305582047
-0.008896355509 0.003455193209 0.01324707268 -0.0305478012
-0.008184108556 0.0003494562178 0.01215136269 -0.02995572453
-0.007442161591 -0.00278662638 0.01116742078 -0.02894679403
-0.006723690165 -0.005964292392 0.01030850625 -0.02775333216
-0.006075832571 -0.009189549886 0.009584949202 -0.0268186551
-0.005500503783 -0.01245375703 0.008984405576 -0.02628597312
-0.004990063849 -0.01574688817 0.008492695726 -0.02603315498
-0.004537378184 -0.01906131014 0.008097045609 -0.02581965343
-0.004135914417 -0.02239132063 0.007786066081 -0.0257150861
-0.003779777273 -0.02573260155 0.007549666577 -0.02572301289
-0.003463684255 -0.02908190409 0.007378940539 -0.02579732688
-0.003182925452 -0.03243680031 0.007266051425 -0.02587884721
-0.002933316563 -0.0357954848 0.007204121304 -0.02594383585
-0.002711149426 -0.03915662332 0.007187125472 -0.02599045419
-0.002513143294 -0.0425192372 0.007209795167 -0.02600783284
-0.002336398534 -0.04588261504 0.007267529004 -0.02599340079
-0.002178353621 -0.04924624542 0.007356313153 -0.02593727066
-0.002036745807 -0.05260976585 0.007472649889 -0.02585597995
-0.001909575585 -0.0559729241 0.007613493916 -0.02576747236
-0.001795074854 -0.05933554903 0.007776195826 -0.02569496859
-0.001691678644 -0.0626975287 0.007958451984 -0.02561288923
-0.001598000161 -0.0660587939 0.008158260182 -0.02549899634
-0.001512808941 -0.06941930598 0.008373880453 -0.02535422576
-0.001435011881 -0.07277904777 0.008603800478 -0.02519184806
-0.001363636939 -0.07613801696 0.008846705066 -0.02501650688
-0.001297819279 -0.07949622125 0.009101449296 -0.0248273105
-0.001236789663 -0.08285367491 0.009367034894 -0.02462162668
-0.00117986486 -0.08621039627 0.009642589554 -0.02439816284
-0.001126439815 -0.08956640606 0.009927348902 -0.0241569284
-0.001075981318 -0.0929217262 0.01022064088 -0.02389773896
-0.001028022856 -0.09627637901 0.01052187234 -0.02362115523
-0.0009821603389 -0.09963038673 0.01083051764 -0.02332967716
-0.0009380483558 -0.1029837711 0.01114610911 -0.02302598835
-0.0008953966709 -0.1063365534 0.01146822915 -0.02271181168
-0.0008539666816 -0.1096887538 0.01179650366 -0.02238696254
-0.000813567644 -0.1130403918 0.01213059676 -0.02205134038
-0.0007740525464 -0.1163914859 0.01247020643 -0.02170512514
-0.0007353135989 -0.1197420533 0.01281506079 -0.02134846933
-0.0006972773814 -0.1230921105 0.01316491504 -0.02098175607
-0.0006598997587 -0.1264416726 0.01351954869 -0.02060564472
-0.0006231607007 -0.1297907538 0.01387876308 -0.02022084586
-0.000587059166 -0.133139367 0.01424237912 -0.01982789454
-0.0005516081918 -0.1364875242 0.01461023521 -0.01942726974
-0.0005168303138 -0.1398352363 0.01498218541 -0.01901952018
-0.0004827534057 -0.1431825132 0.0153580978 -0.01860524189
-0.0004494069942 -0.1465293638 0.01573785312 -0.01818502432
-0.0004168190712 -0.1498757961 0.01612134372 -0.01775945509
-0.0003850133995 -0.1532218171 0.01650847292 -0.01732912426
-0.0003540072865 -0.1565674329 0.01689915467 -0.01689461667
-0.0003238097889 -0.1599126484 0.01729331365 -0.01645652025
-0.0002944203012 -0.1632574672 0.01769088585 -0.01601542503
-0.0002658274832 -0.1666018918 0.01809181951 -0.01557192187
-0.0002380084829 -0.1699459229 0.01849607658 -0.01512659622
-0.0002109284163 -0.1732895595 0.01890363467 -0.01468003534
-0.0001845400761 -0.1766327981 0.01931448938 -0.01423282821
-0.0001587838451 -0.1799756329 0.01972865723 -0.0137855575
-0.0001335878046 -0.1833180546 0.02014617901 -0.01333880507
-0.0001088680316 -0.1866600504 0.02056712363 -0.0128931256
-8.45290915e-05 -0.1900016032 0.02099159253 -0.01244907994
-6.046474073e-05 -0.1933426903 0.02141972456 -0.01200720043
-3.6558867e-05 -0.1966832835 0.02185170139 -0.01156801981
-1.268670778e-05 -0.200023347 0.02228775356 -0.01113209955
1.128359321e-05 -0.2033628372 0.02272816702 -0.01070006932
3.548900788e-05 -0.2067017006 0.02317329043 -0.01027244903
6.006910824e-05 -0.2100398728 0.02362354314 -0.009849816997
8.516285575e-05 -0.2133772765 0.02407942405 -0.009432706001
0.0001109044798 -0.2167138193 0.02454152137 -0.009021770512
0.0001374181471 -0.2200493914 0.02501052367 -0.008617585776
0.0001648109957 -0.2233838623 0.02548723231 -0.008220693503
0.0001931639283 -0.2267170778 0.02597257581 -0.007831612674
0.0002225193676 -0.2300488547 0.02646762668 -0.007450768382
0.0002528652005 -0.2333789761 0.02697362159 -0.007078529539
0.0002841145157 -0.2367071833 0.02749198628 -0.006715293074
0.0003160834391 -0.2400331673 0.02802436628 -0.006361624219
0.0003484679128 -0.2433565567 0.02857266494 -0.0060183729
0.0003808530304 -0.2466768852 0.02913919073 -0.00568654481
0.0004129667033 -0.2499934944 0.02972708645 -0.005366951733
0.0004446767911 -0.2533055322 0.03034019857 -0.005060070701
0.0004759434819 -0.256611947 0.03098294351 -0.004766133
0.000506652685 -0.2599114788 0.03166012951 -0.004485181719
0.0005366839286 -0.2632025642 0.03237722375 -0.004216829679
0.0005659436541 -0.2664832521 0.03314046164 -0.003960194365
0.0005943035436 -0.2697511216 0.03395682636 -0.00371401021
0.0006215877447 -0.2730031413 0.03483418237 -0.003476610976
0.0006475863557 -0.2762354912 0.03578141909 -0.003245914013
0.0006720404861 -0.2794433572 0.03680850747 -0.003019540015
0.0006946294711 -0.2826206499 0.0379265929 -0.002794991116
0.0007149729871 -0.2857596321 0.03914811012 -0.002569869309
0.0007326171391 -0.288850479 0.04048679492 -0.002342287833
0.000747043284 -0.291880721 0.04195763337 -0.002110807704
0.0007576969907 -0.2948344912 0.04357676642 -0.001874734098
0.0007639824164 -0.2976915679 0.04536118428 -0.001634031482
0.0007652922625 -0.3004265531 0.04732822114 -0.001389015915
0.0007610234518 -0.3030076892 0.04949474466 -0.001140629179
0.0007505736665 -0.305393466 0.05187423952 -0.000892247765
0.0007332391339 -0.3075346748 0.05447652572 -0.0006535608875
0.0007081161565 -0.3093776372 0.05731077463 -0.0004316638208
0.0006753252748 -0.3108439141 0.06034860618 -0.0002187684485
0.0006351724405 -0.3118567938 0.06355526084 0
0.0005873487365 -0.3123487703 0.06694792554 0
