-0.007760574168 0.3488671362 0.05420090904 0
-0.008068541451 0.3477773735 0.05091371064 -0.001176725967
-0.008272226251 0.3456470794 0.04834538023 -0.002156143742
-0.00843334034 0.3431778963 0.04609570387 -0.003084430524
-0.008557340586 0.3404669287 0.04414005572 -0.00386754106
-0.008650022619 0.337585148 0.0424430931 -0.004476810852
-0.008716829914 0.3345831481 0.04096698456 -0.004921091599
-0.008762557536 0.3314964902 0.0396756995 -0.005225390403
-0.008791270044 0.3283499994 0.03853693751 -0.005418217505
-0.008806324587 0.3251609742 0.03752275413 -0.005525480756
-0.008810439369 0.321941489 0.03660952256 -0.00556827117
-0.008805777267 0.3187000052 0.03577759355 -0.005562622403
-0.008794030698 0.315442484 0.03501084579 -0.00552011091
-0.008776502183 0.3121731482 0.03429622176 -0.005448708328
-0.008754178847 0.3088950032 0.03362329066 -0.00535362156
-0.008727800492 0.3056101931 0.03298385143 -0.005238031013
-0.008697921044 0.3023202465 0.03237157623 -0.005103717802
-0.008664962913 0.2990262484 0.03178168924 -0.004951595
-0.008629263385 0.2957289631 0.03121067466 -0.004782149631
-0.008591111944 0.2924289243 0.03065600989 -0.004595780497
-0.00855077748 0.2891265036 0.03011592153 -0.004392998798
-0.008508524678 0.2858219634 0.02958916485 -0.004174459351
-0.008464619529 0.282515498 0.02907482912 -0.003940818001
-0.008419324778 0.2792072649 0.02857217268 -0.003692461854
-0.008372887031 0.2758974077 0.02808049169 -0.003429214908
-0.008325518156 0.2725860714 0.02759902634 -0.003150154437
-0.008277374277 0.26927341 0.02712690617 -0.002853657541
-0.008228536023 0.2659595888 0.02666313448 -0.002537723707
-0.008178993668 0.2626447814 0.02620660856 -0.00220050636
-0.008128640276 0.259329163 0.02575617001 -0.00184087731
-0.008077275143 0.2560129016 0.02531067654 -0.001458794942
-0.008024618589 0.2526961484 0.02486908491 -0.001055286913
-0.007970337826 0.249379028 0.02443053314 -0.0006319913683
-0.007914082249 0.2460616302 0.02399441077 -0.0001903840869
-0.007855525293 0.2427440044 0.02356040638 0.0002690208968
-0.007794409127 0.2394261578 0.02312852458 0.0007471477342
-0.007730587948 0.2361080574 0.0226990675 0.001246242266
-0.007664065699 0.2327896369 0.02227257983 0.00176910239
-0.007595024434 0.2294708085 0.02184976059 0.002317867454
-0.007523840462 0.2261514767 0.02143134854 0.002892809286
-0.007451086492 0.2228315557 0.02101799157 0.003491651836
-0.007377519269 0.219510985 0.02061011255 0.004109822607
-0.007304053405 0.2161897448 0.02020778516 0.004741720515
-0.007231723204 0.2128678666 0.01981063295 0.005382670517
-0.007161635028 0.209545441 0.0194177629 0.006030885101
-0.007094913309 0.2062226201 0.01902774205 0.006688630926
-0.007032643381 0.202899617 0.01863862147 0.007361999203
-0.00697581427 0.1995767015 0.01824800774 0.008059166123
-0.006925264209 0.1962541928 0.0178531773 0.008787632116
-0.006881631264 0.1929324502 0.01745122496 0.009551394548
-0.006845311111 0.1896118595 0.01703923459 0.01034911674
-0.006816423659 0.1862928168 0.01661445793 0.01117402781
-0.006794790056 0.1829757079 0.01617448659 0.0120156394
-0.006779921523 0.1796608845 0.01571740318 0.01286266694
-0.006771021313 0.176348639 0.01524189947 0.01370609734
-0.006767000978 0.1730391795 0.01474735262 0.01454133895
-0.006766511751 0.1697326097 0.01423385478 0.01536880696
-0.006767991306 0.1664289154 0.01370219515 0.01619293102
-0.006769725378 0.1631279612 0.01315379807 0.01702013258
-0.006769922675 0.1598294977 0.01259062425 0.01785658438
-0.006766800379 0.15653318 0.01201504466 0.01870647239
-0.00675867628 0.1532385931 0.01142969854 0.01957114195
-0.006744062464 0.1499452831 0.01083734728 0.02044912412
-0.006721754573 0.1466527879 0.01024073526 0.02133677688
-0.006690910153 0.1433606645 0.00964246761 0.02222920837
-0.006651109641 0.1400685105 0.009044912398 0.0231212271
-0.006602394198 0.1367759763 0.008450132184 0.02400818216
-0.006545275868 0.1334827707 0.007859847118 0.02488662884
-0.006480717422 0.1301886588 0.007275428776 0.02575475814
-0.006410081476 0.1268934552 0.006697921387 0.02661250708
-0.006335050947 0.1235970157 0.00612808499 0.02746128132
-0.006257525303 0.1202992283 0.005566453639 0.02830330324
-0.006179499137 0.1170000055 0.005013401243 0.02914072581
-0.006102931202 0.1136992781 0.004469207858 0.02997475975
-0.006029612861 0.110396991 0.003934120442 0.03080508665
-0.005961045091 0.1070930999 0.003408403759 0.03162974622
-0.005898332382 0.1037875675 0.002892379389 0.03244552255
-0.005842100503 0.1004803609 0.00238645304 0.03324867903
-0.00579244299 0.09717144724 0.001891132561 0.03403577758
-0.005748898736 0.09386078946 0.00140704081 0.03480430929
-0.005710460365 0.09054834258 0.0009349286817 0.03555295753
-0.005675610431 0.08723405019 0.0004756941331 0.03628146679
-0.005642380118 0.08391784217 3.041290377e-05 0.03699024009
-0.005608423218 0.08059963393 -0.000399613992 0.03767988015
-0.005571096868 0.07727932733 -0.0008127918575 0.03835089884
-0.005527539882 0.0739568138 -0.001207139813 0.03900375231
-0.005474739501 0.07063198053 -0.001580171776 0.03963924955
-0.005409577941 0.06730472163 -0.001928748784 0.04025927548
-0.005328851152 0.06397495771 -0.002248900212 0.0408677123
-0.005229253545 0.06064266953 -0.002535610399 0.04147146495
-0.005107324054 0.05730795512 -0.002782565573 0.04208160804
-0.004959350617 0.05397112409 -0.002981853866 0.04271490192
-0.004781232108 0.05063285052 -0.003123609153 0.04339650831
-0.004568299046 0.04729441603 -0.003195588147 0.04416654251
-0.004315097584 0.04395809051 -0.003182671072 0.04509858112
-0.004015146391 0.04062772059 -0.003066281795 0.0463506003
-0.003660686969 0.03730964836 -0.002823739575 0.04825333447
-0.003243312563 0.03401538376 -0.002428146073 0.05064823028
-0.002796628952 0.03074561853 -0.00189260259 0.05293813627
-0.002377872013 0.02749054303 -0.001254769069 0.05518067489
-0.002045452648 0.02423922782 -0.0005511464272 0.05721690039
-0.001859431278 0.02098292705 0.0001800999264 0.05863408559
-0.001874660783 0.01771751411 0.0008892279859 0.05951997557
-0.002126204696 0.01444494724 0.001509875383 0.0604366503
-0.00262031768 0.01117408941 0.001965896787 0.06157213092
-0.003333503509 0.007920017969 0.002182381602 0.06307870036
-0.004219970616 0.004703425965 0.002093066082 0.06615450139
-0.005222599158 0.001552924849 0.001639612661 0.07327784558
-0.006277740483 -0.001490392655 0.0007700562222 0.08186998445
-0.007315878446 -0.004369080385 -0.0005534863985 0.09103565931
-0.008293475939 -0.007026525285 -0.002312067368 0.1003700721
-0.009197412593 -0.009424499088 -0.004444067901 0.1099371517
-0.01001878525 -0.01153803559 -0.006888101944 0.1196484052
-0.01075233183 -0.01335399428 -0.009586439388 0.129324598
-0.01139554237 -0.01486841779 -0.01248662949 0.1388418869
-0.01194784623 -0.01608411533 -0.01554219766 0.1481496034
-0.01240994798 -0.01700864536 -0.01871269208 0.1571436023
-0.01278334231 -0.0176527544 -0.02196333265 0.1655306601
-0.01307000851 -0.01802925272 -0.02526446651 0.1728230117
-0.0132722654 -0.01815226379 -0.02859097938 0.1785124522
-0.01339275574 -0.0180367638 -0.0319217594 0.1823362551
-0.01343452314 -0.01769832317 -0.0352392656 0.1844561608
-0.01340114274 -0.01715296788 -0.03852921621 0.1854120747
-0.01329686843 -0.01641709161 -0.04178038421 0.1858667739
-0.01312676404 -0.01550736731 -0.04498446734 0.186304505
-0.01289679208 -0.01444062788 -0.04813598892 0.186864885
-0.01261384205 -0.01323370608 -0.05123218458 0.1873797498
-0.01228568909 -0.01190324309 -0.05427283744 0.1875433713
-0.01192088299 -0.01046548879 -0.05726004002 0.1870914445
-0.01152857716 -0.00893612442 -0.0601978815 0.1858918515
-0.01111831047 -0.007330114289 -0.06309212585 0.1838782093
-0.01069710171 -0.005659038342 -0.06595353556 0.1813238881
-0.01011660837 -0.00386775427 -0.06871171887 0.1757549239
-0.009215975414 -0.001908859243 -0.0712592074 0.1657475341
-0.007855054673 0.000223077203 -0.07343314909 0.1471026092
-0.00598402648 0.002491375546 -0.07500414417 0.1148128311
-0.00371856477 0.00482224727 -0.07574089658 0.07051283939
-0.001305023808 0.007103494214 -0.07548191691 0.02008913642
0.0009391033747 0.009184198003 -0.07417267635 -0.0284483534
0.002668656673 0.01089023019 -0.07190050538 -0.06496814493
0.003578605421 0.01206299526 -0.06892221183 -0.07840246199
0.003564628098 0.0126014528 -0.06563193992 -0.0666055395
0.002727365498 0.01249138771 -0.0624028779 -0.03807903736
0.001234794003 0.01178944673 -0.05949794384 -0.0008481669424
-0.0007310226442 0.01058226551 -0.05707896494 0.03974165724
-0.00300118341 0.008960581112 -0.05523532108 0.08080164778
-0.005426934384 0.007008099492 -0.05401414901 0.1210389038
-0.007874803792 0.004801101844 -0.05344291999 0.1597092948
-0.01021644119 0.002414884121 -0.05354189043 0.1955261405
-0.01231741981 -6.545194746e-05 -0.05432607829 0.2256444307
-0.01402854273 -0.002531601343 -0.05579608123 0.2449659926
-0.01518442758 -0.004838782375 -0.05791648483 0.2462723634
-0.01561655531 -0.006798557984 -0.06058235689 0.22241705
-0.01518875308 -0.008188390383 -0.06358129524 0.1760973501
-0.01385931003 -0.008789716052 -0.06656967801 0.1173958229
-0.01182614533 -0.008481853232 -0.06918352954 0.0553305088
-0.009435204892 -0.007290891154 -0.07116945193 -0.001396117633
-0.007033084159 -0.005345818183 -0.07241185618 -0.04622749518
-0.00491243135 -0.002825381893 -0.07291988762 -0.07529984395
-0.003269187749 7.281621155e-05 -0.07279844085 -0.09117605817
-0.002150470789 0.00315782926 -0.07220347545 -0.09940139462
-0.001448341176 0.006285206044 -0.07127392216 -0.1035189387
-0.0009978315122 0.009385165051 -0.07011773696 -0.105714709
-0.0006211304457 0.01243968964 -0.06882614659 -0.1076078344
-0.0002075264525 0.01544497768 -0.06744205641 -0.1094081864
0.0002348947981 0.01839685689 -0.06595568204 -0.1109917282
0.0006975607218 0.02128753921 -0.06435924047 -0.1122311011
0.001171758285 0.02410854397 -0.06264579894 -0.1130449236
0.001648685771 0.02685062887 -0.06080938971 -0.113417703
0.002119560005 0.02950372549 -0.05884513063 -0.1134116542
0.002575756926 0.03205688476 -0.05674935235 -0.1131602433
0.003008963505 0.03449823661 -0.05451972832 -0.1128283896
0.003411320314 0.03681496379 -0.05215540182 -0.1125396316
0.003775536174 0.03899328571 -0.04965710644 -0.1122974594
0.00409495942 0.04101844471 -0.04702728222 -0.1119471617
0.004363594768 0.04287468736 -0.04427019827 -0.1112148021
0.00457606086 0.04454523764 -0.04139210214 -0.109818775
0.004727491352 0.04601226744 -0.03840142367 -0.1076016082
0.004813391277 0.04725688241 -0.03530906441 -0.1046112541
0.004829469514 0.04825915584 -0.03212880126 -0.1010890353
0.004771476416 0.0489982585 -0.02887782352 -0.09737728953
0.004635081916 0.04945274656 -0.02557740562 -0.09380375597
0.004415832839 0.04960107978 -0.02225369302 -0.09060288111
0.004109228103 0.04942244723 -0.01893854618 -0.08790008105
0.003710945974 0.04889797238 -0.01567034721 -0.08574306289
0.003217247747 0.04801235064 -0.01249462695 -0.08414365419
0.002625565533 0.04675593126 -0.009464322147 -0.08310163048
0.001935256928 0.04512718822 -0.006639432098 -0.0826039819
0.001148475544 0.04313542564 -0.004085828306 -0.0826072511
0.0002710657432 0.04080344048 -0.001873002157 -0.08300398522
-0.0006866558272 0.03816972588 -7.062854533e-05 -0.08355654902
-0.001709417838 0.0352885485 0.001256910275 -0.08367752392
-0.002749626631 0.03223325414 0.002097817114 -0.08335255672
-0.003739350187 0.02907230895 0.002495490638 -0.08326666366
-0.00461784634 0.02585341672 0.002507028066 -0.08276780914
-0.005330481764 0.02260806481 0.002195624188 -0.08135183634
-0.005831355237 0.01935637809 0.001631094862 -0.07916630003
-0.00609373601 0.01611041654 0.0008924270073 -0.07657816416
-0.006119604302 0.01287479001 6.244653048e-05 -0.07385756879
-0.005940317208 0.009646964349 -0.0007831439939 -0.07143403445
-0.005609456838 0.006419061356 -0.001584206416 -0.07010233083
-0.005189266031 0.003180099047 -0.002294475239 -0.06934592978
-0.004741622966 -8.147276431e-05 -0.002872236419 -0.06799791984
-0.00432662818 -0.003374078461 -0.003277480459 -0.06707567405
-0.003977853051 -0.006693355697 -0.003499896634 -0.06717494536
-0.003685828314 -0.01002493482 -0.003569466172 -0.06766950108
-0.003441752689 -0.01336067178 -0.003511704122 -0.0681666064
-0.003237974029 -0.01669564355 -0.003347924348 -0.06850812575
-0.003067914484 -0.02002703276 -0.003095878423 -0.06871183846
-0.002925970712 -0.02335338463 -0.002770349455 -0.06882406482
-0.002807407671 -0.02667411215 -0.002383670666 -0.06886715348
-0.002708253866 -0.02998916859 -0.001946162469 -0.06885059832
-0.002625200985 -0.03329883169 -0.001466492635 -0.06878003476
-0.002555508705 -0.03660356237 -0.000951968294 -0.06865929266
-0.002496914727 -0.03990391246 -0.0004087694765 -0.06849101094
-0.002447550072 -0.04320046467 0.0001578666792 -0.0682770066
-0.002405859996 -0.04649379349 0.0007435029212 -0.06801851649
-0.002370531289 -0.04978443965 0.00134439295 -0.06771639298
-0.002340427114 -0.0530728932 0.001957400177 -0.06737127432
-0.002314530843 -0.05635958216 0.002579938291 -0.06698371105
-0.00229190046 -0.05964486516 0.003209927979 -0.0665542287
-0.002271635053 -0.06292902674 0.003845764343 -0.06608332723
-0.002252854613 -0.06621227525 0.004486289668 -0.06557144337
-0.002234693762 -0.069494743 0.005130766513 -0.06501892036
-0.002216309269 -0.0727764889 0.005778846603 -0.06442603164
-0.002196900175 -0.0760575036 0.006430531731 -0.06379308513
-0.002175738277 -0.07933771747 0.00708612393 -0.06312059797
-0.002152205581 -0.08261701146 0.007746163403 -0.06240948944
-0.002125834478 -0.08589523084 0.008411354107 -0.06166121124
-0.002096345689 -0.08917220186 0.009082478363 -0.06087773526
-0.00206367891 -0.09244775088 0.009760303285 -0.06006135589
-0.002028011342 -0.09572172539 0.0104454831 -0.05921432817
-0.001989760205 -0.09899401602 0.01113846252 -0.05833843369
-0.001949566671 -0.102264578 0.0118393869 -0.05743461381
-0.001908260426 -0.1055334506 0.01254802547 -0.05650281364
-0.001866806026 -0.1088007725 0.01326371343 -0.05554213153
-0.001826234247 -0.1120667911 0.01398531849 -0.05455127913
-0.001787563339 -0.1153318645 0.01471123583 -0.0535292539
-0.001751716498 -0.1185964538 0.01543941445 -0.0524760414
-0.001719442559 -0.1218611071 0.01616741552 -0.0513931299
-0.001691246996 -0.1251264337 0.01689250143 -0.05028364992
-0.00166733961 -0.1283930711 0.01761175184 -0.0491520453
-0.001647603958 -0.1316616476 0.0183222008 -0.04800331852
-0.001631591692 -0.1349327431 0.0190209869 -0.0468420346
-0.001618542817 -0.1382068518 0.01970550676 -0.0456713693
-0.001607430518 -0.1414843518 0.02037356102 -0.04449250736
-0.001597027043 -0.1447654831 0.02102348175 -0.04330461533
-0.001585985289 -0.1480503371 0.02165423061 -0.04210544311
-0.001572929357 -0.151338858 0.02226545866 -0.04089239959
-0.001556546708 -0.1546308554 0.02285752123 -0.03966377466
-0.0015356745 -0.1579260258 0.02343144458 -0.03841971397
-0.001509373421 -0.161223981 0.02398884494 -0.03716262893
-0.001476983555 -0.1645242793 0.02453180472 -0.03589692178
-0.001438158547 -0.1678264575 0.02506271445 -0.03462814817
-0.001392876279 -0.1711300614 0.02558409251 -0.03336192983
-0.001341426246 -0.174434673 0.02609839698 -0.03210298949
-0.001284375714 -0.177739934 0.02660784472 -0.03085459054
-0.001222518322 -0.1810455642 0.02711425282 -0.02961847258
-0.001156810006 -0.184351375 0.02761891548 -0.02839517243
-0.001088297857 -0.1876572764 0.02812252642 -0.02718449829
-0.001018047773 -0.1909632776 0.02862515326 -0.02598592798
-0.0009470765412 -0.1942694791 0.02912626522 -0.02479881039
-0.0008762932754 -0.1975760574 0.02962481175 -0.02362239533
-0.0008064540893 -0.2008832428 0.03011934455 -0.0224558192
-0.0007381325482 -0.2041912918 0.0306081728 -0.0212981854
-0.00067170699 -0.2075004571 0.03108953838 -0.02014880094
-0.0006073643268 -0.210810959 0.03156179694 -0.01900751648
-0.0005451185854 -0.2141229609 0.03202359079 -0.01787503104
-0.0004848413171 -0.2174365508 0.03247400073 -0.016753011
-0.0004263001869 -0.2207517319 0.03291266653 -0.01564393942
-0.0003692016054 -0.2240684204 0.03333986917 -0.01455072067
-0.0003132332195 -0.22738645 0.03375657143 -0.01347616108
-0.0002581024156 -0.2307055807 0.034164418 -0.01242248854
-0.0002035676748 -0.2340255084 0.03456569947 -0.01139104769
-0.0001494605715 -0.2373458745 0.03496328827 -0.01038223435
-9.569731628e-05 -0.2406662717 0.0353605568 -0.009395649288
-4.227989878e-05 -0.2439862449 0.03576128948 -0.008430392026
1.071204121e-05 -0.2473052879 0.03616960082 -0.007485396504
6.313659593e-05 -0.2506228327 0.03658987111 -0.006559727884
0.0001148095863 -0.2539382339 0.03702671007 -0.005652795468
0.0001655262292 -0.257250744 0.03748495702 -0.004764472673
0.0002150815547 -0.2605594791 0.03796972401 -0.003895140504
0.000263286977 -0.2638633723 0.03848648638 -0.003045685909
0.0003099809853 -0.2671611067 0.03904122302 -0.002217496723
0.0003550326361 -0.2704510235 0.03964060741 -0.001412506102
0.0003983372953 -0.273730992 0.04029224827 -0.0006333536741
0.0004398047876 -0.2769982291 0.04100497805 0.000116254547
0.0004793406812 -0.2802490434 0.04178918452 0.0008308939654
0.0005168218016 -0.283478479 0.04265717794 0.001502379408
0.0005520672003 -0.2866798132 0.04362357925 0.00211824624
0.0005848057405 -0.2898438546 0.04470570198 0.002659711484
0.0006146412818 -0.2929579641 0.04592387832 0.003099199708
0.0006410163507 -0.2960047014 0.04730163864 0.003397844533
0.000663175483 -0.2989599811 0.04886558625 0.003504137014
0.0006801306848 -0.301790622 0.05064469804 0.003356522541
0.0006906345298 -0.3044512206 0.05266861224 0.002895943537
0.0006931725622 -0.3068804371 0.05496422888 0.002099813841
0.0006859973602 -0.3089971583 0.05754967502 0.001056087343
0.000667242474 -0.3106977418 0.06042450547 9.848685668e-05
0.0006351724405 -0.3118567938 0.06355526084 0
0.0005873487365 -0.3123487703 0.06694792554 0
