-0.007760574168 0.3488671362 0.05420090904 0
-0.008068541451 0.3477773735 0.05091371064 -6.7615476e-05
-0.008296160332 0.3458662029 0.04816772936 -0.0001404495787
-0.008490633418 0.3436543479 0.04565163296 -0.0001777948892
-0.008653593821 0.3412026899 0.0433633657 -0.0001940291091
-0.008787259985 0.3385614323 0.04129241043 -0.0001996398005
-0.008894094603 0.3357711089 0.03942345327 -0.0002017699533
-0.008976591746 0.3328639694 0.03773891726 -0.0002048231614
-0.009037155767 0.3298654172 0.03622062282 -0.0002110472017
-0.009078041802 0.3267953331 0.03485081464 -0.0002210679237
-0.009101335222 0.3236692149 0.03361275023 -0.0002343675351
-0.009108953958 0.3204991205 0.03249099661 -0.0002497060259
-0.00910266286 0.3172944278 0.03147154035 -0.0002654829909
-0.009084093067 0.3140624359 0.03054178347 -0.0002800352284
-0.00905476203 0.3108088358 0.02969047378 -0.0002918645947
-0.009016091663 0.3075380751 0.0289076017 -0.0002997916814
-0.008969423314 0.3042536402 0.02818428351 -0.0003030335985
-0.008916029037 0.3009582728 0.02751264354 -0.0003012076127
-0.008857119139 0.2976541378 0.02688570247 -0.0002942664789
-0.008793846311 0.294342951 0.02629727545 -0.0002823762095
-0.008727306786 0.2910260783 0.02574188164 -0.0002657523335
-0.008658539087 0.2877046125 0.02521466534 -0.0002444761175
-0.00858852094 0.2843794318 0.02471132812 -0.000218316929
-0.008518164888 0.2810512461 0.02422807076 -0.0001865894491
-0.008448313142 0.2777206317 0.02376154374 -0.000148073303
-0.008379732102 0.2743880597 0.02330880482 -0.0001010167142
-0.008313106935 0.2710539164 0.02286728232 -4.323468626e-05
-0.008249036536 0.2677185206 0.02243474301 2.770306198e-05
-0.0081880291 0.2643821354 0.02200926333 0.0001142163309
-0.008130498511 0.2610449791 0.02158920321 0.0002184284385
-0.008076761666 0.257707232 0.0211731817 0.0003418980188
-0.008027036835 0.2543690423 0.02076005395 0.0004854188322
-0.007981443104 0.251030531 0.0203488892 0.000648929904
-0.007940000946 0.2476917954 0.01993894965 0.0008315608329
-0.00790263393 0.2443529118 0.0195296701 0.001031812832
-0.007869171577 0.241013938 0.01912063857 0.00124784952
-0.00783935337 0.2376749154 0.01871157786 0.001477848358
-0.007812833918 0.2343358709 0.01830232837 0.001720349264
-0.007789189278 0.2309968182 0.01789283229 0.001974534989
-0.007767924418 0.2276577601 0.01748311934 0.002240389601
-0.007748481804 0.2243186889 0.0170732941 0.002518704691
-0.007730251089 0.220979589 0.0166635251 0.002810933276
-0.007712579823 0.2176404374 0.01625403544 0.003118921982
-0.007694785108 0.2143012051 0.01584509498 0.003444576314
-0.007676166066 0.2109618587 0.01543701385 0.003789526063
-0.007656016952 0.2076223614 0.01503013697 0.004154855279
-0.007633640701 0.2042826737 0.01462483931 0.004540944601
-0.007608362656 0.2009427551 0.0142215216 0.004947446817
-0.007579544181 0.1976025644 0.01382060599 0.005373386112
-0.007546595844 0.1942620608 0.01342253158 0.005817344545
-0.007508989823 0.1909212048 0.01302774932 0.006277682407
-0.007466271189 0.1875799589 0.01263671629 0.006752735951
-0.007418067716 0.1842382876 0.01224988915 0.007240946774
-0.007364097912 0.1808961589 0.01186771679 0.007740898808
-0.007304176973 0.1775535436 0.01149063236 0.008251265466
-0.007238220464 0.1742104167 0.01111904494 0.008770694255
-0.007166245534 0.1708667565 0.01075333103 0.009297672935
-0.007088369616 0.1675225455 0.01039382651 0.009830426206
-0.007004806595 0.1641777701 0.01004081944 0.01036688427
-0.006915860525 0.1608324203 0.009694544082 0.01090474677
-0.006821917073 0.1574864895 0.009355176971 0.01144164219
-0.006723432914 0.1541399747 0.009022835143 0.01197535971
-0.006620923365 0.1507928752 0.008697577151 0.01250411267
-0.006514948604 0.147445193 0.008379407058 0.01302678399
-0.006406098835 0.1440969314 0.008068281604 0.01354310517
-0.006294978763 0.1407480952 0.007764120575 0.01405373102
-0.00618219175 0.1373986894 0.007466820285 0.01456018902
-0.006068323991 0.1340487186 0.007176269938 0.01506470187
-0.005953928996 0.1306981866 0.006892370525 0.01556990097
-0.005839512657 0.127347095 0.006615055834 0.01607846371
-0.005725519062 0.1239954427 0.006344315101 0.01659271837
-0.00561231723 0.1206432252 0.00608021679 0.01711426484
-0.005500188824 0.1172904333 0.00582293307 0.01764365889
-0.005389316865 0.1139370532 0.005572764578 0.01818020187
-0.005279775434 0.1105830654 0.005330165222 0.01872186803
-0.005171520245 0.1072284453 0.005095766898 0.01926538818
-0.005064379986 0.1038731633 0.004870404195 0.01980649269
-0.004958048224 0.100517186 0.004655139393 0.02034029899
-0.004852075656 0.09716047902 0.004451288237 0.02086181127
-0.004745862416 0.09380300992 0.004260447273 0.0213664837
-0.004638650126 0.09044475418 0.004084523705 0.02185078638
-0.004529513283 0.08708570285 0.00392576899 0.02231270724
-0.004417349561 0.08372587355 0.003786817596 0.02275212508
-0.004300868502 0.08036532574 0.003670732513 0.02317100003
-0.004178578063 0.07700418155 0.003581059287 0.02357334678
-0.004048768388 0.0736426541 0.003521890417 0.02396498086
-0.003909492178 0.07028108605 0.003497942051 0.02435305467
-0.003758541024 0.06692000185 0.003514644824 0.02474542648
-0.00359341713 0.06356017847 0.003578250532 0.02514993387
-0.003411299992 0.06020274137 0.003695955942 0.02557368944
-0.003209007936 0.05684929414 0.00387604426 0.02602262286
-0.002982954903 0.0535020939 0.004128043484 0.02650178281
-0.002729103786 0.05016428749 0.004462898663 0.02701747664
-0.002442919039 0.04684022888 0.004893151397 0.02758226526
-0.002119323542 0.04353590315 0.005433114066 0.02822178389
-0.001752668251 0.04025948973 0.006099016845 0.02896699762
-0.001337116853 0.03702509173 0.006908340406 0.02974634062
-0.0008972685121 0.03383127669 0.00785776686 0.03071988811
-0.0004845990168 0.03066658782 0.008912721257 0.03203216378
-0.0001507989645 0.02751755131 0.01003955641 0.03379984082
5.112594934e-05 0.02437197425 0.01120510743 0.03599947066
6.733204619e-05 0.02122216172 0.0123737436 0.03854522945
-0.0001514161577 0.0180667312 0.01350183479 0.04140264418
-0.0006420022362 0.0149105736 0.0145304589 0.04456012487
-0.001419885193 0.01176541984 0.01538749664 0.04796878995
-0.002475391263 0.008648321425 0.01599828792 0.05159206754
-0.003776301379 0.005582246054 0.01629564765 0.05547718262
-0.005273716776 0.002595967498 0.01622351105 0.05974089237
-0.006907474858 -0.0002754737848 0.01573656387 0.06454476489
-0.008608595433 -0.002989443821 0.01480003726 0.07005243448
-0.01029963438 -0.005494864525 0.01339258493 0.0762522257
-0.01189537575 -0.007732744178 0.01151379513 0.08245817052
-0.01332108942 -0.00964860134 0.009199780806 0.08785513585
-0.01454328404 -0.01120785226 0.006527285144 0.09230759069
-0.0155497897 -0.01239270842 0.003583458897 0.09589075087
-0.01633945722 -0.01320194815 0.0004498116969 0.09863130831
-0.01692036299 -0.01364771445 -0.002802276872 0.1005412395
-0.01730744967 -0.01375162706 -0.006113515562 0.1016642521
-0.01752033768 -0.01354124843 -0.009437153166 0.1021131633
-0.01758149326 -0.01304716927 -0.01273836417 0.1020792522
-0.01751482512 -0.01230080174 -0.01599298775 0.1018050537
-0.0173447016 -0.01133284901 -0.01918595952 0.1015273215
-0.01709533557 -0.01017235612 -0.02230967675 0.1014085577
-0.0167904656 -0.00884622461 -0.02536244721 0.1014778016
-0.01645326007 -0.007379076709 -0.02834709857 0.1015885832
-0.01610629468 -0.005792987796 -0.03127048275 0.1013868042
-0.01576157138 -0.004105477268 -0.03415448798 0.1013681148
-0.01529089151 -0.002366477094 -0.0369903223 0.101651655
-0.01454302405 -0.0006233063895 -0.03975903271 0.1013315507
-0.01337177003 0.001071609379 -0.04240283504 0.09842936503
-0.01167055849 0.002668290722 -0.04480270859 0.09064428256
-0.00941108902 0.004122812289 -0.046792872 0.0764908388
-0.006661731158 0.00539910966 -0.04819772821 0.05577291727
-0.003573624416 0.006470321482 -0.04886921829 0.02923886214
-0.000353811835 0.007320886977 -0.04871059567 -0.001493984882
0.00275355641 0.007946488999 -0.04768821343 -0.03417577325
0.005489244094 0.008354373032 -0.04584017731 -0.06599168983
0.007602148396 0.008565228416 -0.04328490236 -0.09377749742
0.008879116078 0.008614487162 -0.04022142463 -0.1140826971
0.00918109619 0.00855128288 -0.03691086457 -0.1230565496
0.008512957162 0.008411557578 -0.0336341169 -0.1205443746
0.007025901757 0.008199243348 -0.03062730642 -0.1100679689
0.004902524059 0.00791224956 -0.02802454034 -0.09496370484
0.002311788758 0.007545410896 -0.02588735509 -0.07749773531
-0.0006047378484 0.007089439354 -0.02423436532 -0.05898962054
-0.003732729675 0.006530623971 -0.02306423265 -0.04007980796
-0.006978038108 0.005851060243 -0.0223708993 -0.02100920202
-0.01025687563 0.005029409032 -0.02215220936 -0.00187973394
-0.0134850291 0.004042471959 -0.02241333535 0.01709196432
-0.01656671703 0.002868187017 -0.02316562926 0.03530446702
-0.01938371858 0.001490969252 -0.0244204023 0.05147178628
-0.02178665687 -8.951712479e-05 -0.02617619115 0.06332426223
-0.02359293782 -0.001845531843 -0.02839803224 0.06745084056
-0.02459906672 -0.003705287608 -0.03098899772 0.06045445335
-0.02463974653 -0.00553320286 -0.03376946757 0.04238129967
-0.02369685828 -0.007141042067 -0.03652260151 0.01642263972
-0.02188200359 -0.008344603085 -0.03903800571 -0.01422244605
-0.01938510657 -0.009003222535 -0.04114119302 -0.04650910784
-0.01644427548 -0.009030094571 -0.0427097499 -0.07770064763
-0.01331677938 -0.008395315975 -0.04368173827 -0.105632565
-0.01025379401 -0.007122314634 -0.0440555793 -0.1284950537
-0.007470610743 -0.005282733491 -0.04388705445 -0.1452190117
-0.005118701913 -0.002986200245 -0.04327935237 -0.1556775979
-0.003258611907 -0.000361201833 -0.04235819983 -0.1609091435
-0.001851030949 0.002468567662 -0.04123860826 -0.1631009895
-0.0007854747201 0.005402399492 -0.03999662304 -0.1643098627
7.905332485e-05 0.008371333757 -0.03867371206 -0.1654901732
0.0008910282112 0.01132821789 -0.03729834961 -0.1663308336
0.001758949348 0.01423399578 -0.03588261333 -0.1669293334
0.002670963286 0.0170951832 -0.03440553489 -0.1674924781
0.003610896009 0.01990613792 -0.03285169284 -0.1681477606
0.004562482683 0.02265990716 -0.03120562573 -0.1689875997
0.005509081881 0.02534788823 -0.02945194772 -0.1700638627
0.006433342451 0.02795932618 -0.02757562961 -0.1713641226
0.007316880126 0.03048079269 -0.02556241177 -0.1727929544
0.008139982992 0.03289565232 -0.02339939325 -0.1741722182
0.008881374589 0.03518353769 -0.02107584632 -0.1752636458
0.00951807686 0.0373198758 -0.01858430694 -0.1758066479
0.01002543219 0.03927553653 -0.01592198489 -0.1755575132
0.01037736298 0.04101670985 -0.01309251724 -0.1743159331
0.01054696536 0.04250515901 -0.01010804712 -0.1719311691
0.01050754408 0.04369903573 -0.00699153862 -0.168290289
0.01023418791 0.04455446668 -0.003779131972 -0.1633000958
0.009705945517 0.04502810793 -0.0005222033341 -0.1568782956
0.008908574655 0.04508078718 0.002711361608 -0.1489657201
0.007837695782 0.04468218673 0.005837298854 -0.1395607112
0.006501991364 0.04381625348 0.008757152893 -0.128763159
0.004925892733 0.04248668366 0.011363024 -0.1168075174
0.003149576233 0.04072002906 0.01354682132 -0.1045000884
0.001239771777 0.03857166408 0.01522595384 -0.09336233684
-0.0007044596645 0.03612155925 0.01637517112 -0.08407882854
-0.002590765747 0.03344508956 0.01701083759 -0.07650963384
-0.004341166046 0.03060700348 0.01717143087 -0.07032496729
-0.005891337707 0.0276596639 0.01690927187 -0.06518925484
-0.007188836044 0.02464392351 0.01628500399 -0.0608420798
-0.008193520553 0.02159037491 0.01536486392 -0.05713164909
-0.008880578108 0.01852083622 0.01422179093 -0.05399836254
-0.009245770158 0.01544817188 0.01293539419 -0.05136736621
-0.009309451843 0.0123772513 0.01158469569 -0.04911493899
-0.009114356482 0.009307120406 0.01023646389 -0.04715250761
-0.008717775824 0.00623197308 0.008938916368 -0.04545229358
-0.008182305537 0.003142383399 0.007724778624 -0.04399465991
-0.007569821804 2.597179219e-05 0.006619177161 -0.04270447546
-0.006940394271 -0.003130889891 0.005645680694 -0.04153648462
-0.00635210692 -0.006339711255 0.004826920462 -0.04062196364
-0.005835362684 -0.009596280213 0.00416457562 -0.03995731767
-0.005382044254 -0.01288750204 0.003639224783 -0.0394692706
-0.004984195061 -0.01620303644 0.003233338016 -0.03908704098
-0.004634602555 -0.01953530957 0.002931390275 -0.0387646911
-0.004326792928 -0.02287883074 0.00271974875 -0.03847323581
-0.004054996577 -0.02622965097 0.002586515037 -0.03819348102
-0.003814096733 -0.02958495592 0.002521347556 -0.03791154053
-0.003599571833 -0.03294276191 0.002515282847 -0.03761655172
-0.003407437906 -0.03630169033 0.002560566147 -0.03729969297
-0.003234194417 -0.03966080075 0.002650496503 -0.03695384032
-0.003076775202 -0.04301946796 0.002779288506 -0.03657348225
-0.002932505077 -0.04637729171 0.002941950882 -0.03615469731
-0.002799061972 -0.04973403051 0.003134181089 -0.03569510322
-0.002674444106 -0.05308955335 0.003352274528 -0.03519374172
-0.002556941504 -0.05644380451 0.003593046706 -0.03465089465
-0.002445111075 -0.05979677818 0.003853766618 -0.03406784465
-0.002337754479 -0.06314850015 0.004132099691 -0.03344660431
-0.002233898046 -0.06649901479 0.004426058703 -0.03278964123
-0.002132774099 -0.06984837592 0.004733961295 -0.03209962586
-0.002033803118 -0.07319664051 0.005054392809 -0.03137922441
-0.001936576312 -0.07654386444 0.005386173431 -0.03063095165
-0.001840838259 -0.07989009982 0.00572832874 -0.02985709023
-0.001746469425 -0.08323539338 0.006080063002 -0.02905967402
-0.001653468447 -0.08657978557 0.006440734659 -0.02824052543
-0.001561934208 -0.08992331034 0.00680983366 -0.02740132985
-0.001472047806 -0.09326599518 0.007186960392 -0.02654372639
-0.001384054601 -0.09660786147 0.007571806076 -0.02566939229
-0.001298246585 -0.09994892503 0.007964134609 -0.02478010019
-0.001214945375 -0.1032891968 0.008363765851 -0.02387773217
-0.001134486107 -0.1066286835 0.008770560442 -0.02296424255
-0.001057202557 -0.1099673887 0.009184406215 -0.02204157221
-0.0009834137537 -0.1133053132 0.009605206268 -0.02111152855
-0.0009134123193 -0.1166424565 0.01003286877 -0.02017565586
-0.0008474547178 -0.1199788173 0.01046729847 -0.01923512799
-0.0007857535226 -0.1233143945 0.01090838994 -0.0182906968
-0.0007284717362 -0.126649188 0.01135602234 -0.01734272378
-0.0006757191231 -0.1299831996 0.01181005579 -0.0163913096
-0.0006275504403 -0.1333164334 0.01227032896 -0.01543651687
-0.0005839653866 -0.1366488969 0.01273665777 -0.01447866019
-0.0005449100352 -0.139980601 0.01320883505 -0.01351861765
-0.0005102794755 -0.1433115608 0.01368663083 -0.01255810524
-0.0004799213651 -0.1466417957 0.01416979311 -0.01159985329
-0.0004536400896 -0.1499713294 0.01465804894 -0.01064763505
-0.0004312012358 -0.1533001905 0.01515110569 -0.009706120729
-0.0004123361173 -0.1566284121 0.01564865233 -0.008780561622
-0.000396746128 -0.1599560318 0.01615036088 -0.007876343476
-0.0003841067591 -0.1632830916 0.01665588788 -0.006998477063
-0.0003740711712 -0.1666096374 0.01716487611 -0.006151111441
-0.0003662732849 -0.1699357192 0.01767695667 -0.005337156126
-0.0003603304119 -0.1732613896 0.0181917516 -0.004558081527
-0.0003558455155 -0.176586704 0.01870887726 -0.003813935249
-0.0003524092379 -0.1799117192 0.0192279488 -0.003103571538
-0.0003496018748 -0.1832364922 0.0197485858 -0.002425050854
-0.000346995501 -0.1865610792 0.02027041941 -0.001776134836
-0.0003441564641 -0.1898855333 0.02079310113 -0.001154785614
-0.0003406484536 -0.1932099033 0.02131631336 -0.0005595809633
-0.0003360363245 -0.1965342307 0.02183978174 1.002294838e-05
-0.0003298908195 -0.1998585477 0.02236328937 0.0005536160996
-0.0003217942687 -0.2031828745 0.02288669269 0.001069942752
-0.0003113472827 -0.2065072162 0.0234099391 0.00155715409
-0.0002981763771 -0.2098315597 0.02393308588 0.002013141549
-0.0002819423831 -0.2131558709 0.02445632045 0.00243587762
-0.0002623494232 -0.216480091 0.02497998157 0.002823697818
-0.0002391541542 -0.2198041333 0.0255045813 0.00317547785
-0.0002121749184 -0.2231278791 0.02603082767 0.003490688233
-0.0001813003981 -0.226451174 0.02655964776 0.003769337695
-0.0001464973379 -0.2297738224 0.02709221144 0.004011839927
-0.0001078168991 -0.2330955825 0.02762995576 0.004218851042
-6.539922825e-05 -0.2364161586 0.02817461036 0.004391125362
-1.947586894e-05 -0.2397351918 0.0287282245 0.004529426129
2.963028264e-05 -0.2430522489 0.02929319626 0.004634509074
8.150768323e-05 -0.246366806 0.02987230499 0.004707175529
0.0001356616005 -0.2496782294 0.03046874807 0.004748373181
0.0001915222854 -0.2529857488 0.03108618334 0.004759310702
0.000248455683 -0.2562884235 0.03172877857 0.004741549384
0.0003057763632 -0.2595850973 0.03240126962 0.004697040474
0.0003627622184 -0.2628743416 0.03310902874 0.004628088906
0.0004186703479 -0.266154379 0.03385814424 0.004537239343
0.000472753446 -0.2694229857 0.03465551264 0.004427095153
0.0005242759332 -0.2726773636 0.03550894302 0.004300092397
0.000572529034 -0.2759139728 0.03642727267 0.004158257223
0.0006168440077 -0.2791283149 0.03742049024 0.00400297627
0.0006566028106 -0.2823146483 0.03849985971 0.00383480656
0.0006912455987 -0.2854656202 0.03967803284 0.003653345766
0.0007202747075 -0.2885717888 0.04096912981 0.003457177712
0.0007432550757 -0.2916210098 0.04238875564 0.003243902522
0.0007598115559 -0.2945976575 0.04395390218 0.003010257442
0.0007696242027 -0.2974816512 0.0456826598 0.002752332759
0.0007724235127 -0.3002472713 0.04759362803 0.002465887656
0.0007679887339 -0.3028617736 0.04970486816 0.002146772636
0.0007561537966 -0.3052838719 0.05203218669 0.001791467097
0.0007368270294 -0.3074622603 0.05458648619 0.001397740269
0.0007100323005 -0.3093345226 0.05736989493 0.000965433731
0.0006759797591 -0.3108270346 0.06037044134 0.0004973303362
0.0006351724405 -0.3118567938 0.06355526084 0
0.0005873487365 -0.3123487703 0.06694792554 0
