-0.007760574168 0.3488671362 0.2780917765 0
-0.008068541451 0.3477773735 0.2748045781 0.01914353011
-0.00828873123 0.3459666883 0.2720035766 0.03835254209
-0.008443019279 0.3436332595 0.2696125522 0.05816973852
-0.00854476009 0.3409566516 0.2676077867 0.07853936382
-0.008606637459 0.338059128 0.2659347981 0.09925156597
-0.008639140327 0.3350201572 0.2645331451 0.1201194919
-0.008650378429 0.3318902653 0.2633473413 0.1410038082
-0.008646399575 0.3287013466 0.2623304902 0.1617994444
-0.008631621595 0.3254735789 0.2614446003 0.1824141222
-0.008609230925 0.3222198367 0.2606596064 0.2027653797
-0.008581506091 0.3189484407 0.2599520337 0.2227829756
-0.008550065464 0.3156648523 0.2593036977 0.2423961388
-0.008516051519 0.3123727188 0.2587005787 0.2615151417
-0.008480265695 0.3090745197 0.2581318982 0.2800136561
-0.0084432662 0.3057719705 0.257589384 0.2977056512
-0.008405438544 0.302466278 0.2570666935 0.3143117402
-0.008367046187 0.2991583044 0.2565589672 0.3294142847
-0.008328266802 0.2958486735 0.2560624824 0.3424029847
-0.008289218132 0.2925378422 0.2555743887 0.3524153096
-0.008249976383 0.2892261485 0.2550925036 0.3587101764
-0.008210589246 0.2859138439 0.2546151565 0.3602585243
-0.008171085076 0.2826011173 0.2541410688 0.3574930827
-0.008131479327 0.2792881109 0.2536692623 0.3597763751
-0.008091779039 0.2759749323 0.2531989889 0.3712835657
-0.008051985934 0.2726616632 0.2527296767 0.392342422
-0.008012098546 0.2693483656 0.2522608889 0.422594784
-0.007972113651 0.2660350868 0.2517922923 0.4595441828
-0.007932027238 0.2627218628 0.2513236331 0.4997542168
-0.007891835128 0.2594087207 0.2508547182 0.5415061231
-0.007851533376 0.2560956815 0.2503854016 0.584283221
-0.007811118508 0.2527827608 0.2499155731 0.628839343
-0.007770587646 0.2494699704 0.2494451507 0.6761606148
-0.007729938556 0.2461573189 0.2489740738 0.7241920015
-0.007689169628 0.2428448128 0.2485022986 0.7702584656
-0.007648279821 0.2395324567 0.2480297946 0.813236395
-0.007607268559 0.2362202534 0.2475565418 0.853440102
-0.007566135601 0.2329082049 0.2470825285 0.8911548363
-0.007524880882 0.229596312 0.2466077495 0.9266509429
-0.007483504337 0.2262845749 0.2461322053 0.9600512478
-0.007442005716 0.2229729931 0.2456559004 0.9915406656
-0.007400384389 0.2196615655 0.245178843 1.021373665
-0.00735863918 0.2163502909 0.2447010441 1.049754783
-0.007316768215 0.2130391674 0.244222517 1.076851438
-0.007274768821 0.2097281931 0.2437432767 1.102754733
-0.007232637493 0.2064173658 0.2432633395 1.127599723
-0.007190369922 0.2031066831 0.2427827232 1.151555366
-0.007147961127 0.1997961426 0.2423014458 1.174779073
-0.007105405675 0.1964857417 0.2418195265 1.197382445
-0.007062697991 0.1931754779 0.2413369845 1.219445306
-0.007019832757 0.1898653483 0.2408538398 1.241006597
-0.006976805369 0.1865553501 0.2403701127 1.262118317
-0.006933612428 0.1832454805 0.2398858242 1.282813602
-0.006890252216 0.1799357364 0.239400996 1.303182981
-0.006846725106 0.1766261145 0.238915651 1.323259013
-0.006803033859 0.1733166114 0.2384298133 1.343131378
-0.006759183727 0.1700072232 0.2379435089 1.362832859
-0.006715182327 0.1666979457 0.237456766 1.382438522
-0.00667103922 0.1633887744 0.2369696151 1.401969881
-0.006626765177 0.1600797041 0.2364820902 1.421443892
-0.006582371102 0.1567707294 0.2359942284 1.440877433
-0.006537866658 0.1534618441 0.2355060707 1.46026926
-0.006493258611 0.1501530414 0.235017662 1.479635991
-0.00644854901 0.1468443141 0.2345290518 1.498966503
-0.006403733295 0.1435356543 0.234040294 1.51829978
-0.006358798486 0.1402270535 0.2335514475 1.537608105
-0.006313721618 0.1369185025 0.2330625763 1.55692231
-0.006268468581 0.1336099916 0.2325737499 1.576200718
-0.006222993519 0.1303015101 0.2320850445 1.59548605
-0.006177238901 0.1269930465 0.2315965437 1.614736024
-0.006131136326 0.1236845881 0.2311083408 1.633973826
-0.006084608017 0.1203761205 0.2306205413 1.653160093
-0.006037568894 0.1170676271 0.2301332668 1.672315186
-0.005989928961 0.1137590883 0.2296466609 1.691409984
-0.005941595634 0.1104504804 0.2291608955 1.710460196
-0.005892475498 0.1071417743 0.2286761815 1.729456829
-0.005842474882 0.1038329338 0.2281927801 1.748420541
-0.005791498532 0.1005239135 0.2277110191 1.767365156
-0.005739445624 0.09721465602 0.2272313122 1.786314982
-0.005686202317 0.09390508938 0.2267541834 1.805290365
-0.00563163011 0.09059512317 0.2262802974 1.824297014
-0.005575549294 0.08728464463 0.2258104962 1.843358633
-0.005517716921 0.08397351426 0.2253458451 1.862439637
-0.005457798812 0.08066156095 0.2248876891 1.881564355
-0.005395335237 0.07734857724 0.2244377221 1.900666608
-0.0053297 0.074034315 0.2239980743 1.919765708
-0.005260052726 0.07071848256 0.2235714199 1.938779241
-0.005185284132 0.06740074511 0.2231611141 1.957698321
-0.005103954083 0.06408073123 0.2227713646 1.976510096
-0.005014222168 0.06075805065 0.22240745 1.995189787
-0.004913770532 0.05743233155 0.2220759949 2.013805419
-0.004799718765 0.054103291 0.2217853199 2.032376232
-0.004668530845 0.05077086069 0.2215458816 2.050986525
-0.004515914672 0.04743540357 0.2213708251 2.069675388
-0.004336715837 0.04409807794 0.2212766686 2.088487752
-0.004124809707 0.04076143861 0.2212841372 2.107392901
-0.003873001311 0.03743041461 0.2214191474 2.126234369
-0.00357301999 0.03411460506 0.2217138387 2.144659831
-0.003242176578 0.03082176505 0.2221738405 2.162024887
-0.002941759225 0.02754486074 0.2227529366 2.177390839
-0.002734090665 0.02427499608 0.2234067418 2.189472316
-0.002682396917 0.02100532318 0.2240887636 2.196356815
-0.002836534731 0.01773280207 0.2247366157 2.195675002
-0.003218296931 0.01445922027 0.2252705257 2.185703347
-0.00381812126 0.01119284236 0.2256054526 2.169811234
-0.004593749004 0.007947573846 0.2256653299 2.175252986
-0.00548226301 0.004743394886 0.2253858694 2.1900202
-0.00641405795 0.001612645042 0.22470666 2.208300238
-0.007312986151 -0.001391418616 0.2235720861 2.227907837
-0.008130858563 -0.004207901007 0.2219869162 2.248047221
-0.008856700681 -0.006795064007 0.2200132183 2.268542065
-0.009484530736 -0.009125251572 0.2177125459 2.289269111
-0.01001264783 -0.01118327543 0.2151427656 2.309944575
-0.01044265444 -0.01296376536 0.2123563686 2.330039949
-0.01077858438 -0.01446871095 0.2093996648 2.348800782
-0.01102617418 -0.01570533472 0.2063126168 2.365355086
-0.01119228586 -0.01668434701 0.2031290952 2.378887019
-0.01128447035 -0.01741857462 0.1998773837 2.388836285
-0.01131065206 -0.01792192369 0.1965808069 2.395074194
-0.01127891234 -0.01820862325 0.1932583943 2.398008206
-0.01119735058 -0.01829269439 0.1899255272 2.398579214
-0.0110740042 -0.01818759488 0.1865945365 2.39813895
-0.01091681232 -0.01790599623 0.1832752387 2.398224788
-0.01073361089 -0.01745965879 0.1799754037 2.400278586
-0.01053214989 -0.01685937779 0.176701159 2.405375328
-0.01032012541 -0.01611498013 0.1734573339 2.414028191
-0.01010522135 -0.01523535665 0.1702477512 2.426116809
-0.009895156536 -0.0142285193 0.1670754758 2.440950479
-0.00969773443 -0.0131016756 0.1639430252 2.457439614
-0.009520892991 -0.01186131511 0.1608525501 2.474319964
-0.009372752972 -0.01051330486 0.1578059921 2.490364194
-0.009261663077 -0.009062991666 0.1548052223 2.504526097
-0.009196191971 -0.00751416151 0.151849975 2.511704815
-0.009043010966 -0.005793654285 0.1489942434 2.4977472
-0.008605256979 -0.003812187016 0.1463468331 2.482451223
-0.007699049106 -0.00153715122 0.1440849852 2.478790359
-0.006237916263 0.0009848728617 0.1424686373 2.484014722
-0.004348368885 0.003638111436 0.1417652665 2.451126538
-0.00230480793 0.006237637105 0.142161285 2.330705474
-0.0004529688287 0.008528686634 0.14370965 2.084125249
0.0008376648908 0.01023084143 0.1462607845 1.685407047
0.001318891194 0.0111338371 0.1494323624 1.150105641
0.00100660165 0.01118144273 0.1527532992 0.580470245
3.382867566e-05 0.01044252002 0.1558601924 0.08956768983
-0.001430582687 0.009044001088 0.1585166435 -0.2745752077
-0.003221110674 0.007123666616 0.1605832994 -0.5099047951
-0.005188169986 0.00481008114 0.1619784971 -0.6334862298
-0.007194351223 0.002222302382 0.1626475281 -0.6608243945
-0.009103215558 -0.000518497073 0.1625465883 -0.5958633714
-0.01076689744 -0.003270862809 0.161643372 -0.4282357553
-0.01201845673 -0.005853208132 0.159936573 -0.1361398093
-0.01267747061 -0.00803079369 0.1574960656 0.3033502548
-0.0125801103 -0.009525329143 0.1545179882 0.8886172572
-0.01164109933 -0.01006676148 0.1513718168 1.571726133
-0.01002786094 -0.009529717291 0.1485113454 2.227629844
-0.008088590872 -0.007995176828 0.146281504 2.729506018
-0.006175708165 -0.005668782406 0.1448564115 3.04183288
-0.004586851108 -0.002802216732 0.1442518383 3.176595979
-0.003495066955 0.0003450946712 0.1443597414 3.170786668
-0.002862222275 0.003553373503 0.1450137411 3.112544501
-0.002526103432 0.006708372575 0.1460469452 3.10331205
-0.002303011388 0.009791314419 0.1473049574 3.151700788
-0.002037113987 0.01282002316 0.1486742972 3.199528251
-0.001722123623 0.01579168336 0.150153373 3.24122941
-0.001365603778 0.01870046973 0.1517438515 3.279909909
-0.0009749315216 0.02154018323 0.153447167 3.316470232
-0.0005573164342 0.02430434637 0.1552645807 3.351416501
-0.000119835876 0.02698611745 0.1571971478 3.385039677
0.0003305306172 0.02957820516 0.1592456729 3.417544256
0.0007868686846 0.03207278272 0.1614106534 3.449144791
0.001242298803 0.0344614011 0.1636922051 3.480125967
0.001689948584 0.03673490142 0.1660899707 3.51085743
0.002122927868 0.03888332723 0.1686030048 3.541760656
0.002534306759 0.04089583839 0.1712296314 3.573236793
0.002917096909 0.0427606297 0.1739672698 3.605576124
0.003264236831 0.04446485894 0.1768122219 3.638876877
0.003568582759 0.04599459177 0.1797594132 3.673000001
0.00382290778 0.04733477355 0.182802082 3.70757668
0.004019913536 0.04846924258 0.1859314089 3.742069551
0.004152260795 0.04938080389 0.1891360817 3.775872233
0.004212627511 0.05005138803 0.1924017933 3.808420754
0.004193805474 0.05046232595 0.1957106785 3.839288476
0.004088848936 0.05059477606 0.1990407023 3.868243097
0.003891290237 0.05043034473 0.2023650271 3.895256702
0.003595437729 0.04995194219 0.2056514075 3.920472907
0.00319676928 0.04914491197 0.2088616799 3.944144832
0.002692429183 0.04799845875 0.2119514457 3.966562275
0.00208182621 0.04650737502 0.214870071 3.98798609
0.001367314908 0.04467402658 0.2175611521 4.008603392
0.0005549206308 0.04251050167 0.2199636006 4.02851023
-0.0003449575437 0.04004075883 0.2220134941 4.047720594
-0.001316959901 0.03730253494 0.2236467867 4.066194533
-0.002340698069 0.03434788864 0.2248032063 4.083666385
-0.003365384071 0.0312460606 0.2254781772 4.099997788
-0.004316358373 0.02805829276 0.2257321305 4.115141371
-0.005127206572 0.02482309361 0.2256344435 4.129433296
-0.005738702995 0.0215639409 0.2252582342 4.143584813
-0.00611102598 0.0182963073 0.2246860995 4.156083271
-0.006236952369 0.0150292425 0.2240081408 4.16705866
-0.006141018703 0.0117648204 0.2233085695 4.176843473
-0.005876192876 0.00849995634 0.2226527155 4.1856816
-0.005510937098 0.005227744401 0.2220868107 4.19379591
-0.005113656571 0.001939098154 0.2216533118 4.201329839
-0.00475220142 -0.001373376668 0.2213985284 4.208392747
-0.004449998186 -0.004701743053 0.2213205928 4.215090529
-0.004197012658 -0.008034652507 0.2213839742 4.221551653
-0.003984495485 -0.01136644736 0.2215599142 4.227887601
-0.003805035271 -0.01469433469 0.2218253786 4.234263287
-0.003652437291 -0.01801718796 0.22216201 4.240782991
-0.003521574929 -0.02133481005 0.2225552185 4.24759641
-0.003408238053 -0.02464748892 0.2229934256 4.254792758
-0.003308990334 -0.02795573629 0.2234674466 4.262504125
-0.003221041029 -0.03126013886 0.2239699949 4.270835882
-0.003142133223 -0.03456127786 0.2244952865 4.279868781
-0.00307044851 -0.03785968899 0.2250387247 4.289726925
-0.003004526978 -0.0411558459 0.2255966523 4.300441897
-0.002943200787 -0.04445015649 0.2261661541 4.312141358
-0.002885539391 -0.04774296614 0.2267449023 4.324851874
-0.002830804514 -0.05103456394 0.2273310342 4.338671647
-0.002778413104 -0.05432518995 0.227923056 4.353627363
-0.00272790681 -0.05761504256 0.228519767 4.369791961
-0.002678926753 -0.06090428504 0.2291202004 4.3872034
-0.002631192651 -0.06419305145 0.2297235758 4.405895028
-0.002584485593 -0.06748145163 0.2303292629 4.425886436
-0.002538633897 -0.07076957542 0.2309367517 4.447180557
-0.00249350166 -0.07405749615 0.2315456293 4.469783788
-0.002448979625 -0.07734527357 0.2321555614 4.493666182
-0.002404978104 -0.08063295635 0.232766277 4.51880062
-0.002361421643 -0.08392058405 0.2333775564 4.545133367
-0.00231824519 -0.08720818892 0.2339892207 4.572612939
-0.002275391479 -0.09049579729 0.2346011238 4.601160539
-0.002232809389 -0.09378343083 0.2352131455 4.630698574
-0.002190453025 -0.09707110754 0.2358251857 4.661138449
-0.002148281305 -0.1003588427 0.2364371595 4.692397145
-0.002106257861 -0.1036466493 0.2370489939 4.724376655
-0.002064351086 -0.106934539 0.2376606245 4.756975979
-0.002022534215 -0.1102225222 0.2382719929 4.790091403
-0.001980785344 -0.1135106087 0.2388830454 4.8235899
-0.001939087335 -0.1167988076 0.2394937316 4.857317846
-0.001897427588 -0.1200871276 0.2401040032 4.891073388
-0.001855797669 -0.1233755771 0.2407138139 4.924649873
-0.001814192825 -0.1266641643 0.2413231192 4.957790589
-0.001772611413 -0.1299528971 0.2419318758 4.990295827
-0.001731054272 -0.133241783 0.2425400422 5.021862825
-0.001689524091 -0.1365308295 0.2431475785 5.052213507
-0.001648024798 -0.1398200434 0.2437544465 5.080911011
-0.001606561009 -0.1431094313 0.2443606101 5.1076376
-0.001565137549 -0.1463989996 0.2449660348 5.131963027
-0.001523759073 -0.149688754 0.2455706885 5.153534166
-0.001482429781 -0.1529787 0.2461745405 5.171865329
-0.001441153241 -0.1562688428 0.2467775623 5.186498473
-0.001399932284 -0.1595591869 0.247379727 5.196907274
-0.001358769 -0.162849737 0.2479810093 5.202492722
-0.001317664771 -0.1661404972 0.2485813852 5.202666247
-0.001276620365 -0.1694314712 0.2491808325 5.196863041
-0.001235636047 -0.1727226627 0.2497793298 5.184495929
-0.001194711696 -0.1760140751 0.2503768574 5.165053573
-0.001153846922 -0.1793057113 0.2509733968 5.1380324
-0.001113041155 -0.1825975742 0.2515689311 5.102990527
-0.001072293713 -0.1858896662 0.2521634451 5.059080376
-0.001031603826 -0.1891819892 0.2527569259 5.000744885
-0.0009909706285 -0.192474545 0.2533493629 4.919694473
-0.0009503931048 -0.1957673343 0.2539407489 4.814436121
-0.0009098699922 -0.1990603575 0.2545310809 4.685447581
-0.0008693996439 -0.2023536139 0.2551203604 4.532665286
-0.000828979847 -0.2056471016 0.2557085955 4.355992587
-0.000788607599 -0.2089408176 0.256295802 4.15441402
-0.0007482788368 -0.2122347569 0.2568820054 3.922473496
-0.0007079881169 -0.2155289125 0.2574672435 3.649470121
-0.0006677282372 -0.2188232744 0.2580515698 3.3211011
-0.0006274897933 -0.2221178294 0.2586350578 2.923808608
-0.000587260655 -0.2254125596 0.2592178061 2.454250468
-0.0005470253483 -0.2287074414 0.2597999463 1.918550659
-0.000506764326 -0.2320024438 0.2603816522 1.330549088
-0.0004664531074 -0.2352975263 0.2609631522 0.7116578202
-0.0004260612674 -0.2385926355 0.2615447458 0.3376728841
-0.0003855512583 -0.2418877019 0.2621268247 0.1141289323
-0.00034487705 -0.2451826343 0.2627099007 -0.02057222652
-0.0003039825864 -0.2484773131 0.2632946423 -0.1022091598
-0.000262800069 -0.2517715811 0.2638819218 -0.1521157446
-0.0002212481072 -0.2550652314 0.2644728776 -0.1826578239
-0.0001792298153 -0.2583579898 0.2650689946 -0.200994482
-0.0001366310009 -0.2616494921 0.2656722094 -0.2112574635
-9.33186856e-05 -0.2649392508 0.2662850474 -0.215806316
-4.91403477e-05 -0.2682266096 0.2669108003 -0.21596318
-3.924493663e-06 -0.2715106755 0.267553758 -0.2124563334
4.251650555e-05 -0.2747902217 0.2682195082 -0.2057008633
9.037988851e-05 -0.2780635404 0.2689153241 -0.1959852317
0.0001398601319 -0.2813282201 0.2696506629 -0.1835967589
0.0001911274815 -0.2845808023 0.2704378019 -0.1688989028
0.0002442924891 -0.2878162424 0.2712926382 -0.1523644535
0.0002993491971 -0.2910270567 0.272235671 -0.1345682111
0.0003560859833 -0.2942019604 0.2732931569 -0.1161466491
0.0004139479218 -0.2973236869 0.2744983543 -0.09773597742
0.0004718278587 -0.3003655141 0.2758926041 -0.07989932677
0.0005277568618 -0.3032858185 0.2775256198 -0.06304492912
0.0005784649009 -0.3060198379 0.279453606 -0.04731890435
0.0006188092731 -0.3084680999 0.2817324135 -0.0324323849
0.0006411695021 -0.310482607 0.2844007292 -0.01737179612
0.0006351724405 -0.3118567938 0.2874461283 0
0.0005873487365 -0.3123487703 0.290838793 0
