-7.760574168000000314e-03 3.488671361999999831e-01 5.420090904086380390e-02 0.000000000000000000e+00
-8.068541450999999753e-03 3.477773734999999866e-01 5.091371064086377962e-02 1.914353011000000104e-02
-8.288731230000000519e-03 3.459666882999999915e-01 4.811270914086382411e-02 3.835254208999999692e-02
-8.443019278999999710e-03 3.436332595000000101e-01 4.572168474086382717e-02 5.816973852000000000e-02
-8.544760090000000710e-03 3.409566515999999936e-01 4.371691924086382186e-02 7.853936381999999938e-02
-8.606637458999999782e-03 3.380591279999999865e-01 4.204393064086378584e-02 9.925156596999999692e-02
-8.639140327000000008e-03 3.350201572000000017e-01 4.064227764086378314e-02 1.201194919000000000e-01
-8.650378429000000688e-03 3.318902652999999869e-01 3.945647384086378717e-02 1.410038081999999970e-01
-8.646399574999999796e-03 3.287013465999999995e-01 3.843962274086379360e-02 1.617994443999999921e-01
-8.631621594999999703e-03 3.254735789000000046e-01 3.755373284086380159e-02 1.824141222000000007e-01
-8.609230924999999174e-03 3.222198366999999841e-01 3.676873894086382655e-02 2.027653796999999980e-01
-8.581506091000000100e-03 3.189484407000000021e-01 3.606116624086377898e-02 2.227829755999999883e-01
-8.550065464000000670e-03 3.156648523000000206e-01 3.541283024086380737e-02 2.423961387999999939e-01
-8.516051518999999403e-03 3.123727188000000043e-01 3.480971124086382207e-02 2.615151417000000089e-01
-8.480265694999999243e-03 3.090745196999999944e-01 3.424103074086379261e-02 2.800136561000000079e-01
-8.443266200000000554e-03 3.057719704999999899e-01 3.369851654086378212e-02 2.977056511999999766e-01
-8.405438544000000747e-03 3.024662779999999773e-01 3.317582604086380393e-02 3.143117402000000227e-01
-8.367046187000000065e-03 2.991583044000000191e-01 3.266809974086379298e-02 3.294142847000000041e-01
-8.328266802000000232e-03 2.958486734999999923e-01 3.217161494086381857e-02 3.424029847000000237e-01
-8.289218132000000447e-03 2.925378422000000089e-01 3.168352124086379340e-02 3.524153096000000041e-01
-8.249976383000000649e-03 2.892261485000000021e-01 3.120163614086382542e-02 3.587101764000000248e-01
-8.210589246000000660e-03 2.859138439000000198e-01 3.072428904086380030e-02 3.602585242999999937e-01
-8.171085075999999503e-03 2.826011172999999821e-01 3.025020134086378598e-02 3.574930827000000200e-01
-8.131479327000000479e-03 2.792881108999999973e-01 2.977839484086378108e-02 3.597763750999999899e-01
-8.091779038999999743e-03 2.759749322999999754e-01 2.930812144086378246e-02 3.712835656999999845e-01
-8.051985933999999956e-03 2.726616632000000151e-01 2.883880924086382191e-02 3.923424220000000240e-01
-8.012098545999999169e-03 2.693483655999999726e-01 2.837002144086378519e-02 4.225947840000000011e-01
-7.972113650999999857e-03 2.660350867999999869e-01 2.790142484086380326e-02 4.595441827999999784e-01
-7.932027237999999397e-03 2.627218627999999834e-01 2.743276564086380431e-02 4.997542167999999840e-01
-7.891835127999999311e-03 2.594087206999999839e-01 2.696385074086379841e-02 5.415061231000000141e-01
-7.851533375999999315e-03 2.560956815000000053e-01 2.649453414086380687e-02 5.842832209999999638e-01
-7.811118508000000280e-03 2.527827608000000059e-01 2.602470564086381555e-02 6.288393429999999951e-01
-7.770587645999999828e-03 2.494699703999999907e-01 2.555428324086381209e-02 6.761606148000000038e-01
-7.729938555999999947e-03 2.461573189000000050e-01 2.508320634086380618e-02 7.241920014999999600e-01
-7.689169628000000131e-03 2.428448128000000039e-01 2.461143114086380979e-02 7.702584655999999974e-01
-7.648279820999999770e-03 2.395324567000000071e-01 2.413892714086379732e-02 8.132363950000000008e-01
-7.607268559000000298e-03 2.362202533999999965e-01 2.366567434086380706e-02 8.534401019999999782e-01
-7.566135600999999641e-03 2.329082048999999988e-01 2.319166104086381464e-02 8.911548363000000306e-01
-7.524880882000000229e-03 2.295963119999999968e-01 2.271688204086380614e-02 9.266509429000000519e-01
-7.483504337000000152e-03 2.262845749000000073e-01 2.224133784086379517e-02 9.600512477999999517e-01
-7.442005716000000409e-03 2.229729930999999887e-01 2.176503294086379325e-02 9.915406655999999819e-01
-7.400384389000000049e-03 2.196615654999999889e-01 2.128797554086381272e-02 1.021373665000000042e+00
-7.358639180000000300e-03 2.163502908999999919e-01 2.081017664086379226e-02 1.049754783000000025e+00
-7.316768214999999978e-03 2.130391674000000068e-01 2.033164954086380538e-02 1.076851438000000050e+00
-7.274768820999999788e-03 2.097281930999999877e-01 1.985240924086381642e-02 1.102754733000000043e+00
-7.232637493000000292e-03 2.064173658000000022e-01 1.937247204086381402e-02 1.127599723000000109e+00
-7.190369922000000059e-03 2.031066830999999906e-01 1.889185574086379993e-02 1.151555365999999969e+00
-7.147961127000000345e-03 1.997961426000000040e-01 1.841057834086379241e-02 1.174779073000000063e+00
-7.105405674999999872e-03 1.964857416999999939e-01 1.792865904086379802e-02 1.197382444999999906e+00
-7.062697990999999668e-03 1.931754779000000033e-01 1.744611704086379556e-02 1.219445305999999896e+00
-7.019832757000000166e-03 1.898653482999999864e-01 1.696297234086380223e-02 1.241006596999999934e+00
-6.976805368999999812e-03 1.865553500999999892e-01 1.647924524086380460e-02 1.262118317000000101e+00
-6.933612427999999613e-03 1.832454805000000020e-01 1.599495674086379160e-02 1.282813602000000053e+00
-6.890252216000000360e-03 1.799357363999999904e-01 1.551012854086381010e-02 1.303182980999999963e+00
-6.846725106000000130e-03 1.766261144999999866e-01 1.502478354086381196e-02 1.323259012999999928e+00
-6.803033858999999600e-03 1.733166113999999869e-01 1.453894584086379282e-02 1.343131378000000042e+00
-6.759183727000000336e-03 1.700072232000000017e-01 1.405264144086379452e-02 1.362832859000000063e+00
-6.715182327000000090e-03 1.666979456999999887e-01 1.356589854086381886e-02 1.382438521999999947e+00
-6.671039220000000124e-03 1.633887743999999920e-01 1.307874764086380814e-02 1.401969881000000084e+00
-6.626765177000000333e-03 1.600797040999999976e-01 1.259122274086380000e-02 1.421443892000000098e+00
-6.582371101999999648e-03 1.567707294000000029e-01 1.210336094086381098e-02 1.440877433000000041e+00
-6.537866657999999789e-03 1.534618440999999944e-01 1.161520324086379174e-02 1.460269260000000013e+00
-6.493258610999999743e-03 1.501530413999999924e-01 1.112679454086379360e-02 1.479635991000000095e+00
-6.448549010000000428e-03 1.468443141000000118e-01 1.063818434086380438e-02 1.498966502999999895e+00
-6.403733295000000117e-03 1.435356543000000096e-01 1.014942654086381513e-02 1.518299779999999988e+00
-6.358798486000000368e-03 1.402270535000000040e-01 9.660580040863814277e-03 1.537608104999999892e+00
-6.313721617999999702e-03 1.369185025000000111e-01 9.171708840863795897e-03 1.556922310000000031e+00
-6.268468580999999977e-03 1.336099916000000054e-01 8.682882440863792795e-03 1.576200717999999945e+00
-6.222993518999999675e-03 1.303015100999999898e-01 8.194177040863809269e-03 1.595486050000000100e+00
-6.177238901000000129e-03 1.269930465000000119e-01 7.705676240863795767e-03 1.614736023999999937e+00
-6.131136326000000136e-03 1.236845881000000064e-01 7.217473340863811426e-03 1.633973826000000074e+00
-6.084608017000000396e-03 1.203761205000000029e-01 6.729673840863814593e-03 1.653160093000000108e+00
-6.037568893999999999e-03 1.170676271000000018e-01 6.242399340863818979e-03 1.672315186000000065e+00
-5.989928961000000329e-03 1.137590883000000053e-01 5.755793440863798960e-03 1.691409984000000088e+00
-5.941595634000000105e-03 1.104504803999999951e-01 5.270028040863794505e-03 1.710460196000000099e+00
-5.892475498000000061e-03 1.071417743000000061e-01 4.785314040863797302e-03 1.729456829000000084e+00
-5.842474882000000223e-03 1.038329337999999991e-01 4.301912640863797543e-03 1.748420540999999995e+00
-5.791498531999999567e-03 1.005239135000000061e-01 3.820151640863800324e-03 1.767365156000000104e+00
-5.739445624000000246e-03 9.721465601999999817e-02 3.340444740863812711e-03 1.786314981999999940e+00
-5.686202316999999611e-03 9.390508938000000083e-02 2.863315940863808695e-03 1.805290365000000063e+00
-5.631630109999999877e-03 9.059512316999999981e-02 2.389429940863802004e-03 1.824297014000000106e+00
-5.575549293999999649e-03 8.728464463000000506e-02 1.919628740863793537e-03 1.843358633000000024e+00
-5.517716920999999990e-03 8.397351426000000674e-02 1.454977640863802657e-03 1.862439637000000037e+00
-5.457798812000000041e-03 8.066156095000000248e-02 9.968216408638153059e-04 1.881564355000000077e+00
-5.395335236999999722e-03 7.734857723999999379e-02 5.468546408637919853e-04 1.900666608000000091e+00
-5.329699999999999716e-03 7.403431500000000332e-02 1.072068408637938397e-04 1.919765707999999904e+00
-5.260052726000000005e-03 7.071848256000000388e-02 -3.194475591361822797e-04 1.938779240999999987e+00
-5.185284132000000414e-03 6.740074510999999324e-02 -7.297533591361926586e-04 1.957698321000000075e+00
-5.103954083000000058e-03 6.408073122999999316e-02 -1.119502859136201067e-03 1.976510095999999939e+00
-5.014222167999999799e-03 6.075805064999999922e-02 -1.483417459136188166e-03 1.995189786999999937e+00
-4.913770532000000073e-03 5.743233155000000006e-02 -1.814872559136204710e-03 2.013805419000000096e+00
-4.799718764999999672e-03 5.410329099999999780e-02 -2.105547559136194957e-03 2.032376231999999838e+00
-4.668530845000000255e-03 5.077086069000000257e-02 -2.344985859136200501e-03 2.050986524999999894e+00
-4.515914672000000130e-03 4.743540356999999957e-02 -2.520042359136193122e-03 2.069675387999999838e+00
-4.336715837000000226e-03 4.409807794000000086e-02 -2.614198859136190878e-03 2.088487751999999809e+00
-4.124809707000000325e-03 4.076143860999999896e-02 -2.606730259136186278e-03 2.107392900999999874e+00
-3.873001311000000106e-03 3.743041460999999709e-02 -2.471720059136206515e-03 2.126234369000000068e+00
-3.573019990000000142e-03 3.411460505999999726e-02 -2.177028759136195868e-03 2.144659830999999794e+00
-3.242176578000000118e-03 3.082176505000000163e-02 -1.717026959136197517e-03 2.162024886999999840e+00
-2.941759224999999922e-03 2.754486073999999965e-02 -1.137930859136188078e-03 2.177390839000000078e+00
-2.734090665000000163e-03 2.427499607999999975e-02 -4.841256591361919881e-04 2.189472315999999807e+00
-2.682396916999999891e-03 2.100532318000000037e-02 1.978961408637958108e-04 2.196356815000000129e+00
-2.836534731000000045e-03 1.773280207000000122e-02 8.457482408638083982e-04 2.195675002000000209e+00
-3.218296931000000013e-03 1.445922026999999985e-02 1.379658240863806951e-03 2.185703347000000019e+00
-3.818121260000000104e-03 1.119284236000000002e-02 1.714585140863811308e-03 2.169811233999999978e+00
-4.593749004000000254e-03 7.947573846000000400e-03 1.774462440863794344e-03 2.175252985999999833e+00
-5.482263010000000200e-03 4.743394885999999665e-03 1.495001940863799339e-03 2.190020200000000195e+00
-6.414057949999999592e-03 1.612645042000000056e-03 8.157925408638078135e-04 2.208300238000000082e+00
-7.312986151000000316e-03 -1.391418616000000092e-03 -3.187813591361832177e-04 2.227907837000000058e+00
-8.130858563000000275e-03 -4.207901007000000408e-03 -1.903951259136199559e-03 2.248047221000000206e+00
-8.856700680999999784e-03 -6.795064007000000371e-03 -3.877649159136187240e-03 2.268542065000000107e+00
-9.484530736000000226e-03 -9.125251572000000339e-03 -6.178321559136196184e-03 2.289269110999999857e+00
-1.001264783000000054e-02 -1.118327543000000035e-02 -8.748101859136186986e-03 2.309944574999999833e+00
-1.044265444000000084e-02 -1.296376536000000065e-02 -1.153449885913618300e-02 2.330039949000000110e+00
-1.077858437999999926e-02 -1.446871094999999975e-02 -1.449120265913619865e-02 2.348800782000000087e+00
-1.102617418000000071e-02 -1.570533471999999847e-02 -1.757825065913620755e-02 2.365355086000000107e+00
-1.119228585999999977e-02 -1.668434700999999951e-02 -2.076177225913619639e-02 2.378887018999999992e+00
-1.128447035000000077e-02 -1.741857461999999843e-02 -2.401348375913620048e-02 2.388836285000000004e+00
-1.131065206000000066e-02 -1.792192369000000091e-02 -2.731006055913620667e-02 2.395074194000000212e+00
-1.127891234000000069e-02 -1.820862325000000004e-02 -3.063247315913619762e-02 2.398008206000000087e+00
-1.119735057999999943e-02 -1.829269438999999928e-02 -3.396534025913619526e-02 2.398579214000000182e+00
-1.107400419999999934e-02 -1.818759488000000132e-02 -3.729633095913620355e-02 2.398138949999999880e+00
-1.091681232000000015e-02 -1.790599622999999863e-02 -4.061562875913618531e-02 2.398224787999999830e+00
-1.073361089000000011e-02 -1.745965878999999887e-02 -4.391546375913618627e-02 2.400278586000000214e+00
-1.053214989000000011e-02 -1.685937779000000122e-02 -4.718970845913619816e-02 2.405375327999999868e+00
-1.032012541000000040e-02 -1.611498013000000132e-02 -5.043353355913618441e-02 2.414028190999999879e+00
-1.010522135000000050e-02 -1.523535665000000025e-02 -5.364311625913620318e-02 2.426116808999999819e+00
-9.895156536000000030e-03 -1.422851930000000077e-02 -5.681539165913618294e-02 2.440950479000000062e+00
-9.697734430000000405e-03 -1.310167559999999946e-02 -5.994784225913618592e-02 2.457439614000000105e+00
-9.520892991000000360e-03 -1.186131510999999944e-02 -6.303831735913620338e-02 2.474319964000000205e+00
-9.372752971999999405e-03 -1.051330485999999939e-02 -6.608487535913620814e-02 2.490364194000000087e+00
-9.261663076999999966e-03 -9.062991665999999349e-03 -6.908564515913620530e-02 2.504526096999999840e+00
-9.196191971000000284e-03 -7.514161509999999801e-03 -7.204089245913619655e-02 2.511704814999999869e+00
-9.043010965999999373e-03 -5.793654284999999807e-03 -7.489662405913619092e-02 2.497747200000000056e+00
-8.605256978999999487e-03 -3.812187015999999803e-03 -7.754403435913620468e-02 2.482451222999999985e+00
-7.699049105999999920e-03 -1.537151220000000044e-03 -7.980588225913620715e-02 2.478790358999999999e+00
-6.237916262999999850e-03 9.848728616999999005e-04 -8.142223015913618855e-02 2.484014721999999953e+00
-4.348368885000000392e-03 3.638111435999999855e-03 -8.212560095913620795e-02 2.451126538000000021e+00
-2.304807930000000050e-03 6.237637104999999883e-03 -8.172958245913619635e-02 2.330705474000000166e+00
-4.529688286999999968e-04 8.528686634000000669e-03 -8.018121745913620035e-02 2.084125248999999958e+00
8.376648907999999618e-04 1.023084143000000008e-02 -7.763008295913620405e-02 1.685407046999999991e+00
1.318891194000000079e-03 1.113383710000000019e-02 -7.445850505913620410e-02 1.150105640999999901e+00
1.006601649999999985e-03 1.118144272999999946e-02 -7.113756825913619686e-02 5.804702449999999958e-01
3.382867565999999704e-05 1.044252002000000019e-02 -6.803067505913618085e-02 8.956768983000000517e-02
-1.430582686999999978e-03 9.044001088000000813e-03 -6.537422395913619622e-02 -2.745752076999999902e-01
-3.221110674000000028e-03 7.123666615999999993e-03 -6.330756805913620444e-02 -5.099047950999999745e-01
-5.188169985999999817e-03 4.810081140000000213e-03 -6.191237035913618736e-02 -6.334862298000000225e-01
-7.194351223000000281e-03 2.222302381999999993e-03 -6.124333935913620075e-02 -6.608243944999999675e-01
-9.103215557999999943e-03 -5.184970729999999585e-04 -6.134427915913620577e-02 -5.958633714000000081e-01
-1.076689743999999921e-02 -3.270862809000000052e-03 -6.224749545913618731e-02 -4.282357553000000205e-01
-1.201845672999999996e-02 -5.853208131999999841e-03 -6.395429445913619615e-02 -1.361398092999999976e-01
-1.267747060999999988e-02 -8.030793689999999457e-03 -6.639480185913618215e-02 3.033502547999999965e-01
-1.258011030000000079e-02 -9.525329142999999776e-03 -6.937287925913618314e-02 8.886172571999999548e-01
-1.164109932999999979e-02 -1.006676148000000028e-02 -7.251905065913619164e-02 1.571726133000000081e+00
-1.002786093999999927e-02 -9.529717291000000187e-03 -7.537952205913620030e-02 2.227629843999999970e+00
-8.088590871999999654e-03 -7.995176827999999833e-03 -7.760936345913618806e-02 2.729506017999999923e+00
-6.175708165000000013e-03 -5.668782405999999927e-03 -7.903445595913619059e-02 3.041832879999999850e+00
-4.586851107999999864e-03 -2.802216731999999846e-03 -7.963902915913620428e-02 3.176595979000000014e+00
-3.495066954999999885e-03 3.450946711999999849e-04 -7.953112605913620348e-02 3.170786667999999864e+00
-2.862222274999999972e-03 3.553373503000000020e-03 -7.887712635913618486e-02 3.112544500999999908e+00
-2.526103432000000037e-03 6.708372574999999643e-03 -7.784392225913619456e-02 3.103312049999999989e+00
-2.303011387999999958e-03 9.791314419000000241e-03 -7.658591005913620298e-02 3.151700787999999864e+00
-2.037113987000000077e-03 1.282002315999999920e-02 -7.521657025913619510e-02 3.199528250999999823e+00
-1.722123622999999996e-03 1.579168335999999936e-02 -7.373749445913618805e-02 3.241229409999999866e+00
-1.365603778000000100e-03 1.870046972999999876e-02 -7.214701595913619592e-02 3.279909909000000123e+00
-9.749315216000000155e-04 2.154018322999999915e-02 -7.044370045913619927e-02 3.316470231999999907e+00
-5.573164342000000394e-04 2.430434637000000037e-02 -6.862628675913620691e-02 3.351416501000000103e+00
-1.198358760000000034e-04 2.698611744999999951e-02 -6.669371965913620248e-02 3.385039676999999969e+00
3.305306171999999789e-04 2.957820515999999914e-02 -6.464519455913619872e-02 3.417544255999999780e+00
7.868686845999999825e-04 3.207278271999999819e-02 -6.248021405913620208e-02 3.449144791000000154e+00
1.242298803000000014e-03 3.446140109999999701e-02 -6.019866235913620689e-02 3.480125967000000209e+00
1.689948583999999979e-03 3.673490142000000042e-02 -5.780089675913618885e-02 3.510857430000000168e+00
2.122927868000000148e-03 3.888332723000000046e-02 -5.528786265913618325e-02 3.541760656000000118e+00
2.534306759000000062e-03 4.089583839000000137e-02 -5.266123605913619610e-02 3.573236792999999967e+00
2.917096908999999936e-03 4.276062969999999686e-02 -4.992359765913620406e-02 3.605576124000000160e+00
3.264236830999999936e-03 4.446485893999999744e-02 -4.707864555913618410e-02 3.638876876999999954e+00
3.568582758999999834e-03 4.599459177000000260e-02 -4.413145425913619913e-02 3.673000001000000125e+00
3.822907779999999874e-03 4.733477355000000053e-02 -4.108878545913619007e-02 3.707576679999999847e+00
4.019913536000000419e-03 4.846924258000000207e-02 -3.795945855913618328e-02 3.742069551000000160e+00
4.152260795000000358e-03 4.938080388999999820e-02 -3.475478575913618084e-02 3.775872232999999856e+00
4.212627511000000165e-03 5.005138802999999775e-02 -3.148907415913618224e-02 3.808420754000000130e+00
4.193805473999999943e-03 5.046232594999999765e-02 -2.818018895913618205e-02 3.839288476000000117e+00
4.088848935999999691e-03 5.059477605999999905e-02 -2.485016515913618385e-02 3.868243097000000130e+00
3.891290236999999860e-03 5.043034472999999990e-02 -2.152584035913618354e-02 3.895256702000000182e+00
3.595437729000000061e-03 4.995194219000000102e-02 -1.823945995913620055e-02 3.920472907000000173e+00
3.196769280000000095e-03 4.914491197000000339e-02 -1.502918755913618121e-02 3.944144832000000100e+00
2.692429182999999792e-03 4.799845875000000039e-02 -1.193942175913620396e-02 3.966562274999999804e+00
2.081826210000000191e-03 4.650737501999999829e-02 -9.020796459136198875e-03 3.987986090000000150e+00
1.367314907999999957e-03 4.467402657999999804e-02 -6.329715359136206532e-03 4.008603392000000376e+00
5.549206307999999957e-04 4.251050166999999907e-02 -3.927266859136191446e-03 4.028510230000000192e+00
-3.449575437000000177e-04 4.004075883000000197e-02 -1.877373359136208508e-03 4.047720594000000283e+00
-1.316959901000000011e-03 3.730253493999999975e-02 -2.440807591362059714e-04 4.066194533000000000e+00
-2.340698069000000155e-03 3.434788863999999747e-02 9.123388408638077873e-04 4.083666384999999899e+00
-3.365384071000000060e-03 3.124606060000000018e-02 1.587309740863795948e-03 4.099997787999999588e+00
-4.316358372999999984e-03 2.805829275999999900e-02 1.841263040863794220e-03 4.115141370999999992e+00
-5.127206571999999921e-03 2.482309360999999936e-02 1.743576040863809018e-03 4.129433296000000198e+00
-5.738702994999999966e-03 2.156394089999999833e-02 1.367366740863795727e-03 4.143584813000000366e+00
-6.111025980000000385e-03 1.829630729999999830e-02 7.952320408638191562e-04 4.156083270999999968e+00
-6.236952369000000294e-03 1.502924249999999969e-02 1.172733408638104713e-04 4.167058660000000359e+00
-6.141018703000000051e-03 1.176482040000000062e-02 -5.822979591361965301e-04 4.176843472999999918e+00
-5.876192875999999669e-03 8.499956339999999860e-03 -1.238151959136207791e-03 4.185681599999999669e+00
-5.510937098000000083e-03 5.227744401000000013e-03 -1.804056759136196675e-03 4.193795910000000404e+00
-5.113656571000000164e-03 1.939098154000000029e-03 -2.237555659136192254e-03 4.201329838999999566e+00
-4.752201420000000225e-03 -1.373376668000000087e-03 -2.492339059136206014e-03 4.208392747000000433e+00
-4.449998186000000272e-03 -4.701743052999999770e-03 -2.570274659136201345e-03 4.215090529000000252e+00
-4.197012657999999938e-03 -8.034652507000000776e-03 -2.506893259136194763e-03 4.221551652999999682e+00
-3.984495484999999587e-03 -1.136644736000000031e-02 -2.330953259136181455e-03 4.227887600999999940e+00
-3.805035270999999799e-03 -1.469433468999999971e-02 -2.065488859136183075e-03 4.234263287000000098e+00
-3.652437290999999836e-03 -1.801718796000000011e-02 -1.728857459136201591e-03 4.240782990999999669e+00
-3.521574929000000163e-03 -2.133481004999999986e-02 -1.335648959136181979e-03 4.247596409999999878e+00
-3.408238052999999854e-03 -2.464748891999999844e-02 -8.974418591362054443e-04 4.254792757999999786e+00
-3.308990333999999901e-03 -2.795573629000000157e-02 -4.234208591361865448e-04 4.262504125000000421e+00
-3.221041028999999892e-03 -3.126013886000000158e-02 7.912744086380207875e-05 4.270835882000000083e+00
-3.142133223000000055e-03 -3.456127786000000313e-02 6.044190408638072665e-04 4.279868781000000233e+00
-3.070448510000000058e-03 -3.785968899000000110e-02 1.147857240863803252e-03 4.289726925000000080e+00
-3.004526977999999980e-03 -4.115584590000000154e-02 1.705784840863810992e-03 4.300441896999999791e+00
-2.943200786999999874e-03 -4.445015649000000346e-02 2.275286640863793952e-03 4.312141357999999869e+00
-2.885539391000000072e-03 -4.774296614000000244e-02 2.854034840863800548e-03 4.324851874000000151e+00
-2.830804513999999814e-03 -5.103456393999999952e-02 3.440166740863809247e-03 4.338671646999999965e+00
-2.778413103999999995e-03 -5.432518994999999823e-02 4.032188540863818060e-03 4.353627363000000194e+00
-2.727906809999999793e-03 -5.761504256000000296e-02 4.628899540863817830e-03 4.369791960999999780e+00
-2.678926752999999904e-03 -6.090428503999999882e-02 5.229332940863806733e-03 4.387203399999999753e+00
-2.631192651000000080e-03 -6.419305144999999657e-02 5.832708340863801411e-03 4.405895027999999769e+00
-2.584485592999999880e-03 -6.748145162999999447e-02 6.438395440863803332e-03 4.425886435999999868e+00
-2.538633897000000094e-03 -7.076957541999999435e-02 7.045884240863803383e-03 4.447180557000000256e+00
-2.493501659999999929e-03 -7.405749614999999897e-02 7.654761840863805178e-03 4.469783787999999980e+00
-2.448979625000000104e-03 -7.734527356999999770e-02 8.264693940863793165e-03 4.493666182000000120e+00
-2.404978103999999908e-03 -8.063295635000000683e-02 8.875409540863798963e-03 4.518800620000000379e+00
-2.361421642999999865e-03 -8.392058404999999666e-02 9.486688940863796660e-03 4.545133367000000035e+00
-2.318245190000000136e-03 -8.720818891999999878e-02 1.009835324086380548e-02 4.572612938999999876e+00
-2.275391479000000126e-03 -9.049579728999999906e-02 1.071025634086381073e-02 4.601160539000000327e+00
-2.232809388999999842e-03 -9.378343083000000024e-02 1.132227804086380352e-02 4.630698574000000178e+00
-2.190453025000000092e-03 -9.707110754000000674e-02 1.193431824086380044e-02 4.661138449000000072e+00
-2.148281304999999797e-03 -1.003588427000000061e-01 1.254629204086379901e-02 4.692397145000000158e+00
-2.106257860999999863e-03 -1.036466493000000044e-01 1.315812644086380989e-02 4.724376655000000369e+00
-2.064351085999999950e-03 -1.069345389999999951e-01 1.376975704086380592e-02 4.756975978999999910e+00
-2.022534214999999885e-03 -1.102225222000000060e-01 1.438112544086381228e-02 4.790091402999999914e+00
-1.980785344000000024e-03 -1.135106087000000014e-01 1.499217794086379896e-02 4.823589899999999986e+00
-1.939087335000000108e-03 -1.167988075999999986e-01 1.560286414086381468e-02 4.857317845999999939e+00
-1.897427587999999960e-03 -1.200871275999999960e-01 1.621313574086380438e-02 4.891073387999999689e+00
-1.855797669000000105e-03 -1.233755770999999946e-01 1.682294644086379520e-02 4.924649872999999900e+00
-1.814192825000000018e-03 -1.266641642999999928e-01 1.743225174086379670e-02 4.957790589000000026e+00
-1.772611412999999976e-03 -1.299528970999999922e-01 1.804100834086380667e-02 4.990295826999999740e+00
-1.731054272000000097e-03 -1.332417830000000025e-01 1.864917474086380533e-02 5.021862825000000363e+00
-1.689524091000000044e-03 -1.365308295000000061e-01 1.925671104086379426e-02 5.052213507000000270e+00
-1.648024797999999951e-03 -1.398200434000000103e-01 1.986357904086380466e-02 5.080911011000000421e+00
-1.606561009000000021e-03 -1.431094313000000062e-01 2.046974264086379169e-02 5.107637600000000333e+00
-1.565137549000000057e-03 -1.463989995999999960e-01 2.107516734086381516e-02 5.131963027000000288e+00
-1.523759073000000106e-03 -1.496887540000000072e-01 2.167982104086380035e-02 5.153534166000000027e+00
-1.482429781000000083e-03 -1.529786999999999952e-01 2.228367304086381617e-02 5.171865329000000067e+00
-1.441153241000000043e-03 -1.562688428000000018e-01 2.288669484086380823e-02 5.186498473000000331e+00
-1.399932283999999949e-03 -1.595591869000000107e-01 2.348885954086379901e-02 5.196907273999999965e+00
-1.358768999999999906e-03 -1.628497369999999944e-01 2.409014184086380461e-02 5.202492721999999681e+00
-1.317664771000000030e-03 -1.661404971999999869e-01 2.469051774086380990e-02 5.202666246999999800e+00
-1.276620365000000071e-03 -1.694314711999999890e-01 2.528996504086380992e-02 5.196863041000000294e+00
-1.235636047000000055e-03 -1.727226627000000014e-01 2.588846234086381037e-02 5.184495928999999670e+00
-1.194711696000000031e-03 -1.760140751000000003e-01 2.648598994086379110e-02 5.165053572999999787e+00
-1.153846922000000040e-03 -1.793057113000000036e-01 2.708252934086383124e-02 5.138032400000000166e+00
-1.113041154999999975e-03 -1.825975742000000013e-01 2.767806364086380921e-02 5.102990527000000220e+00
-1.072293712999999957e-03 -1.858896661999999977e-01 2.827257764086379965e-02 5.059080375999999823e+00
-1.031603826000000029e-03 -1.891819892000000114e-01 2.886605844086378991e-02 5.000744884999999584e+00
-9.909706284999999625e-04 -1.924745449999999969e-01 2.945849544086379113e-02 4.919694472999999846e+00
-9.503931047999999559e-04 -1.957673343000000121e-01 3.004988144086381818e-02 4.814436120999999957e+00
-9.098699922000000025e-04 -1.990603575000000069e-01 3.064021344086378940e-02 4.685447581000000028e+00
-8.693996439000000256e-04 -2.023536139000000067e-01 3.122949294086382888e-02 4.532665286000000293e+00
-8.289798469999999555e-04 -2.056471015999999929e-01 3.181772804086382966e-02 4.355992587000000249e+00
-7.886075989999999716e-04 -2.089408175999999950e-01 3.240493454086382230e-02 4.154414019999999930e+00
-7.482788367999999597e-04 -2.122347568999999878e-01 3.299113794086380724e-02 3.922473495999999837e+00
-7.079881168999999867e-04 -2.155289125000000028e-01 3.357637604086380345e-02 3.649470120999999789e+00
-6.677282372000000127e-04 -2.188232743999999896e-01 3.416070234086379664e-02 3.321101099999999917e+00
-6.274897932999999725e-04 -2.221178293999999942e-01 3.474419034086381752e-02 2.923808607999999865e+00
-5.872606550000000238e-04 -2.254125596000000065e-01 3.532693864086380864e-02 2.454250468000000129e+00
-5.470253482999999813e-04 -2.287074413999999889e-01 3.590907884086377844e-02 1.918550659000000103e+00
-5.067643260000000410e-04 -2.320024438000000133e-01 3.649078474086378532e-02 1.330549087999999935e+00
-4.664531074000000002e-04 -2.352975263000000039e-01 3.707228474086379788e-02 7.116578202000000131e-01
-4.260612674000000227e-04 -2.385926355000000110e-01 3.765387834086378338e-02 3.376728841000000148e-01
-3.855512583000000231e-04 -2.418877019000000017e-01 3.823595724086378822e-02 1.141289322999999994e-01
-3.448770500000000153e-04 -2.451826343000000075e-01 3.881903324086380391e-02 -2.057222652000000040e-02
-3.039825864000000140e-04 -2.484773131000000135e-01 3.940377484086379778e-02 -1.022091598000000046e-01
-2.628000689999999864e-04 -2.517715810999999748e-01 3.999105434086377975e-02 -1.521157445999999913e-01
-2.212481071999999958e-04 -2.550652313999999810e-01 4.058201014086379455e-02 -1.826578238999999881e-01
-1.792298152999999988e-04 -2.583579898000000208e-01 4.117812714086380166e-02 -2.009944820000000021e-01
-1.366310009000000047e-04 -2.616494920999999918e-01 4.178134194086383091e-02 -2.112574634999999923e-01
-9.331868559999999333e-05 -2.649392508000000257e-01 4.239417994086377983e-02 -2.158063159999999980e-01
-4.914034769999999755e-05 -2.682266095999999989e-01 4.301993284086377822e-02 -2.159631800000000046e-01
-3.924493662999999853e-06 -2.715106755000000205e-01 4.366289054086378019e-02 -2.124563334000000026e-01
4.251650554999999944e-05 -2.747902217000000036e-01 4.432864074086381723e-02 -2.057008633000000086e-01
9.037988851000000015e-05 -2.780635403999999755e-01 4.502445664086382471e-02 -1.959852317000000121e-01
1.398601318999999885e-04 -2.813282201000000260e-01 4.575979544086380968e-02 -1.835967588999999900e-01
1.911274815000000020e-04 -2.845808022999999909e-01 4.654693444086380194e-02 -1.688989028000000003e-01
2.442924890999999873e-04 -2.878162423999999775e-01 4.740177074086379672e-02 -1.523644534999999967e-01
2.993491970999999732e-04 -2.910270567000000086e-01 4.834480354086381770e-02 -1.345682111000000014e-01
3.560859832999999802e-04 -2.942019604000000177e-01 4.940228944086380580e-02 -1.161466490999999990e-01
4.139479218000000050e-04 -2.973236868999999949e-01 5.060748684086383009e-02 -9.773597741999999478e-02
4.718278587000000160e-04 -3.003655141000000084e-01 5.200173664086379932e-02 -7.989932677000000094e-02
5.277568617999999542e-04 -3.032858185000000262e-01 5.363475234086381715e-02 -6.304492911999999560e-02
5.784649008999999962e-04 -3.060198378999999802e-01 5.556273854086382635e-02 -4.731890435000000311e-02
6.188092730999999753e-04 -3.084680999000000146e-01 5.784154604086380602e-02 -3.243238489999999974e-02
6.411695020999999507e-04 -3.104826070000000215e-01 6.050986174086378511e-02 -1.737179612000000137e-02
6.351724405000000115e-04 -3.118567937999999762e-01 6.355526084086379757e-02 0.000000000000000000e+00
5.873487364999999995e-04 -3.123487703000000226e-01 6.694792554086378966e-02 0.000000000000000000e+00
