-0.007760574168 0.3488671362 0.05420090904 0
-0.008068541451 0.3477773735 0.05091371064 -0.001322980962
-0.008283249028 0.3457507278 0.04825992542 -0.002581034701
-0.008459784451 0.3434007536 0.04588227508 -0.003856480211
-0.008601922857 0.3408071209 0.04376862162 -0.005097861357
-0.008714023315 0.3380317737 0.04189639324 -0.006275743256
-0.008800485459 0.3351217083 0.04023854871 -0.007376092411
-0.008865451751 0.3321120164 0.03876723006 -0.008394931316
-0.008912663618 0.3290286412 0.03745582701 -0.009334312587
-0.008945406763 0.3258906555 0.03628002217 -0.01019944644
-0.008966504194 0.3227120468 0.03521821803 -0.01099676825
-0.00897833237 0.3195030731 0.03425160854 -0.01173274289
-0.008982847004 0.3162712695 0.03336406026 -0.01241322273
-0.008981612001 0.3130221865 0.03254190166 -0.01304319327
-0.008975829081 0.3097599266 0.03177367746 -0.0136267544
-0.008966367867 0.3064875312 0.03104989884 -0.01416720589
-0.008953797233 0.30320726 0.03036280505 -0.01466713511
-0.008938419054 0.2999207918 0.02970614258 -0.01512844636
-0.008920305314 0.2966293707 0.02907496352 -0.0155523182
-0.008899339134 0.2933339122 0.02846544181 -0.01593911961
-0.008875259691 0.2900350828 0.02787470517 -0.01628834564
-0.008847710409 0.2867333598 0.02730068043 -0.01659863989
-0.008816289204 0.2834290777 0.0267419498 -0.01686795125
-0.008780599031 0.2801224661 0.02619761691 -0.01709383107
-0.008740296643 0.2768136792 0.0256671814 -0.01727382685
-0.008695137214 0.273502821 0.02515042197 -0.01740588777
-0.008645012455 0.2701899654 0.02464728838 -0.01748868168
-0.008589980023 0.2668751723 0.0241578032 -0.01752174083
-0.008530282327 0.2635585001 0.02368197464 -0.01750540242
-0.008466353398 0.260240015 0.02321972181 -0.0174405737
-0.008398813088 0.2569197965 0.02277081397 -0.0173284087
-0.008328448646 0.2535979416 0.02233482462 -0.01717001182
-0.008256184461 0.250274566 0.02191110147 -0.01696627082
-0.008183041581 0.2469498041 0.0214987522 -0.01671786914
-0.008110089261 0.243623808 0.02109664587 -0.01642545411
-0.008038391406 0.2402967462 0.02070342868 -0.01608986987
-0.007968951177 0.236968801 0.02031755255 -0.01571232926
-0.007902657222 0.2336401665 0.01993731435 -0.01529441439
-0.007840234989 0.2303110459 0.01956090299 -0.01483785868
-0.007782206351 0.2269816484 0.01918645182 -0.01434415289
-0.007728860278 0.2236521859 0.01881209315 -0.01381410126
-0.007680236661 0.2203228687 0.01843601225 -0.01324749821
-0.007636124576 0.2169939018 0.01805649817 -0.0126430791
-0.007596075321 0.2136654801 0.01767198919 -0.01199882278
-0.007559429621 0.2103377844 0.0172811112 -0.0113125702
-0.007525357433 0.2070109771 0.01688270773 -0.01058281146
-0.007492907912 0.2036851983 0.01647586111 -0.009809422382
-0.007461066402 0.2003605633 0.01605990452 -0.008994128022
-0.007428814826 0.1970371598 0.01563442532 -0.008140539094
-0.007395191578 0.1937150462 0.01519926052 -0.007253726847
-0.007359347068 0.1903942504 0.01475448523 -0.006339435798
-0.007320591348 0.1870747692 0.0143003957 -0.00540313832
-0.007278430813 0.1837565685 0.01383748787 -0.004449178873
-0.007232591722 0.1804395835 0.01336643328 -0.003480226529
-0.007183029213 0.1771237206 0.01288805311 -0.002497164021
-0.007129921481 0.1738088589 0.01240329179 -0.001499419702
-0.007073649816 0.1704948538 0.01191319085 -0.0004856327626
-0.007014766139 0.1671815409 0.01141886369 0.0005455361017
-0.006953950456 0.1638687405 0.01092147152 0.001594658836
-0.006891961286 0.1605562633 0.0104222008 0.002661036375
-0.00682958246 0.157243916 0.009922241987 0.003742541492
-0.006767569785 0.1539315075 0.009422769566 0.004835823029
-0.006706600953 0.1506188539 0.008924923245 0.005936804058
-0.006647231635 0.147305784 0.008429790261 0.007041348436
-0.006589860197 0.1439921429 0.007938388894 0.008145944057
-0.006534702715 0.1406777952 0.007451653497 0.009248255963
-0.006481779237 0.1373626272 0.006970421518 0.01034743212
-0.006430911438 0.1340465479 0.006495423225 0.01144409113
-0.006381731117 0.1307294888 0.006027274988 0.01253997755
-0.006333698336 0.1274114032 0.005566477067 0.01363733067
-0.006286127551 0.1240922649 0.005113416869 0.01473807117
-0.006238219704 0.1207720652 0.004668378507 0.01584295916
-0.006189098093 0.1174508103 0.004231559354 0.01695090604
-0.006137845751 0.1141285177 0.003803093937 0.01805861941
-0.006083542105 0.1108052112 0.003383085227 0.01916071616
-0.006025296852 0.107480917 0.002971642981 0.02025035125
-0.005962279119 0.1041556575 0.002568928459 0.02132029152
-0.005893740228 0.1008294466 0.002175204567 0.02236423872
-0.005819028637 0.09750228342 0.001790890303 0.02337810939
-0.005737595883 0.09417414812 0.001416618397 0.02436094605
-0.005648992697 0.09084499729 0.001053295189 0.02531518559
-0.005552854778 0.0875147618 0.0007021621266 0.02624614536
-0.005448878131 0.08418334658 0.000364858775 0.02716077611
-0.005336784251 0.08085063392 4.348786515e-05 0.02806592095
-0.005216275884 0.07751649106 -0.0002593164069 0.02896645349
-0.005086984464 0.07418078379 -0.0005403148632 0.02986370321
-0.004948410651 0.07084339786 -0.0007955819547 0.03075449821
-0.004799859613 0.06750427095 -0.001020413222 0.03163099122
-0.00464037277 0.06416343896 -0.001209217849 0.03248123693
-0.004468657651 0.06082110191 -0.001355392287 0.03329032762
-0.004283017354 0.05747771701 -0.00145117092 0.03404187792
-0.004081280849 0.05413412958 -0.001487450251 0.03472002856
-0.003860735227 0.05079175657 -0.001453584222 0.03531351145
-0.003618061133 0.04745284329 -0.001337150711 0.03582651328
-0.003349273324 0.04412082107 -0.001123693523 0.03630518323
-0.003049670062 0.04080080332 -0.000796451794 0.03688478842
-0.00271382078 0.03750048847 -0.0003361321808 0.03768334385
-0.002340436039 0.03423130523 0.0002749694517 0.03890005943
-0.00197318212 0.03098711784 0.001009438559 0.04022703938
-0.001660876669 0.02775867242 0.001833179884 0.04182321263
-0.001453387918 0.02453665181 0.00271221423 0.04378400032
-0.001401720185 0.02131413947 0.003609756227 0.04606540018
-0.00155358353 0.01808801074 0.004479240219 0.04864329706
-0.001942497447 0.01485918717 0.005257589359 0.05155717671
-0.002577728885 0.01163539526 0.005871916749 0.05494945862
-0.003443123325 0.008430842737 0.006251989773 0.05904028575
-0.004501998942 0.005264428011 0.006334535791 0.06407650563
-0.005704504406 0.002161491852 0.006063733371 0.07038725966
-0.006992884344 -0.0008429421418 0.005390150584 0.07838295914
-0.008302170256 -0.003700766423 0.00427284682 0.0879508021
-0.00956061994 -0.006349544899 0.00268956959 0.09800000866
-0.01071704693 -0.008730029505 0.0006668541274 0.1073352174
-0.01175237473 -0.01080158401 -0.001728293198 0.1158124994
-0.01265437755 -0.01253788376 -0.004425765937 0.1234203105
-0.0134173468 -0.01392701984 -0.007357903439 0.1302240117
-0.01404108034 -0.01496917283 -0.01046247803 0.1362769482
-0.0145297187 -0.01567400401 -0.01368456681 0.1415393951
-0.01489058699 -0.01605810046 -0.01697746182 0.1458728703
-0.01513314422 -0.016142682 -0.02030282126 0.1491228448
-0.0152680983 -0.01595168081 -0.02363028132 0.1512409242
-0.01530670961 -0.01551022854 -0.02693673024 0.1523673606
-0.01526028204 -0.01484353338 -0.0302054099 0.1528166842
-0.01513982463 -0.01397609998 -0.0334249682 0.1529700728
-0.01495586009 -0.01293123204 -0.03658854606 0.1531366623
-0.01471835312 -0.01173075673 -0.03969294962 0.1534607152
-0.01443673143 -0.01039491526 -0.04273793268 0.1539132206
-0.01411997257 -0.008942373551 -0.04572559595 0.154351473
-0.01377672836 -0.007390316095 -0.04865989619 0.1545915779
-0.01341543611 -0.00575450555 -0.05154640881 0.1544091292
-0.01304004717 -0.004045222745 -0.05439745272 0.1544531843
-0.01249555463 -0.002257216738 -0.05717025102 0.1516202374
-0.01162516357 -0.0003922628047 -0.05980208355 0.1455058444
-0.01028690289 0.001524404292 -0.06218477318 0.1336949217
-0.008399027259 0.00345048999 -0.06414739639 0.1129765779
-0.005995858744 0.005336132569 -0.06548286311 0.0828718654
-0.003233192688 0.00712382114 -0.06600959902 0.04556711636
-0.0003539994785 0.008748290217 -0.06561095251 0.004592769416
0.002348170381 0.01013598069 -0.06425495969 -0.03557944287
0.004557974047 0.01121437821 -0.06201904774 -0.06937124256
0.005983974838 0.01192860939 -0.05910390998 -0.09080920625
0.006450016733 0.01225505118 -0.05582212034 -0.09424755499
0.005980435518 0.0121932211 -0.05251690315 -0.08227000415
0.004715755241 0.01176951376 -0.04944988735 -0.06115506062
0.002827863159 0.01102777369 -0.0467854535 -0.0356203909
0.0004842859466 0.01001343301 -0.04461472173 -0.008540475695
-0.002166465086 0.008765712208 -0.04298293037 0.01865242819
-0.004995617509 0.007315837181 -0.04191219706 0.04536418797
-0.00788740515 0.005689139669 -0.04141678274 0.07124147506
-0.01072904388 0.003909723466 -0.04151089926 0.09564240857
-0.01339981582 0.00200721739 -0.04220946206 0.1171789236
-0.01576122476 2.553660108e-05 -0.04352140521 0.1333629184
-0.01765122127 -0.001966777094 -0.04543437444 0.1405140989
-0.01888778038 -0.003866565175 -0.04789005571 0.1341675491
-0.01928941239 -0.005531224397 -0.0507528444 0.1115955683
-0.0187196946 -0.006785885409 -0.05377933362 0.07729409785
-0.01721083807 -0.007457241781 -0.05666278984 0.03803834961
-0.01498577569 -0.007432132008 -0.05913403857 -0.001331661265
-0.01233551413 -0.006682807492 -0.06100312213 -0.03648881053
-0.009564176163 -0.005254069494 -0.06217652947 -0.06474818834
-0.006949479173 -0.003242124384 -0.06265157552 -0.08459875786
-0.004704329466 -0.0007806286872 -0.06250520969 -0.09712868322
-0.002935522913 0.001976823441 -0.06187040167 -0.1055970346
-0.001624311594 0.004886861752 -0.06088785995 -0.1125337709
-0.0006592583237 0.007844827902 -0.05966498223 -0.1174794742
0.000100970254 0.01079627233 -0.05828583007 -0.119783075
0.0008064667773 0.0137157204 -0.05682053682 -0.1212922036
0.001533388438 0.01659050541 -0.05528943321 -0.1226435183
0.002272183136 0.01942015834 -0.05368186844 -0.1237828458
0.003012487337 0.02219923315 -0.05198907822 -0.1246757882
0.003744052781 0.0249210715 -0.05020219244 -0.1253540327
0.004456690643 0.02757750693 -0.04831231938 -0.1259159953
0.005140206926 0.03015856086 -0.04631069481 -0.1264900637
0.005784327981 0.03265213924 -0.04418891625 -0.1271702415
0.006378618808 0.0350437428 -0.04193928227 -0.1279482819
0.006912401375 0.03731620915 -0.03955525588 -0.1286770005
0.007374685364 0.0394495122 -0.03703206798 -0.129092369
0.007754129273 0.04142065299 -0.0343674712 -0.1288949104
0.008039055107 0.04320368591 -0.03156264428 -0.1278574482
0.008217544169 0.04476993384 -0.02862323216 -0.1259078208
0.008277643679 0.04608845286 -0.02556048559 -0.1231453481
0.00820771273 0.04712680961 -0.02239243643 -0.1197837251
0.00799692993 0.04785222736 -0.01914501215 -0.1160502675
0.007635972723 0.04823313827 -0.0158529587 -0.1120905109
0.007117858888 0.04824114432 -0.01256040985 -0.1079193817
0.006438914417 0.04785333828 -0.009320921493 -0.1034334698
0.005599800719 0.04705487009 -0.006196790578 -0.09847007379
0.004606501765 0.04584156969 -0.003257509646 -0.09288088061
0.003471144446 0.04422236685 -0.0005772754673 -0.08658376568
0.002212510295 0.04222119722 0.001768424675 -0.07956091664
0.000856087851 0.03987804581 0.003707010848 -0.07181506607
-0.0005668967247 0.03724726411 0.005174802313 -0.06387286861
-0.00200040204 0.03439913632 0.006152933048 -0.05667037455
-0.003374732217 0.03140314541 0.006671771674 -0.05063637574
-0.004629624168 0.02831201733 0.006779128469 -0.04546454188
-0.005713001521 0.02516371419 0.006530330717 -0.04085239841
-0.006579797609 0.02198476448 0.005985301121 -0.0366604633
-0.007195170407 0.01879357281 0.005210507876 -0.03286368201
-0.007542979474 0.01560217071 0.004281763337 -0.02949003247
-0.007632842183 0.01241516564 0.003276586567 -0.02661079064
-0.007498887543 0.009231346013 0.002260911653 -0.02437910348
-0.007191643982 0.006045820801 0.001285330808 -0.02291797519
-0.006768205238 0.002849939104 0.0003886539761 -0.02216401853
-0.006285921973 -0.000367301827 -0.0003952216815 -0.02189245436
-0.005801388323 -0.003616585788 -0.001033303354 -0.02215307495
-0.005366304012 -0.00690431097 -0.001500140743 -0.02252952355
-0.004981925718 -0.01021698458 -0.001814426556 -0.0229233071
-0.0046410508 -0.01354431722 -0.001998854106 -0.02325518693
-0.004337406294 -0.01687963585 -0.002073086332 -0.02351480195
-0.004065655602 -0.02021854723 -0.002053962159 -0.02372096331
-0.003821318054 -0.02355823678 -0.001955799966 -0.02389699455
-0.003600670526 -0.02689696765 -0.001790703895 -0.02406085288
-0.00340064353 -0.03023372597 -0.001568851784 -0.02422253705
-0.003218719109 -0.033567972 -0.001298755759 -0.02438442531
-0.003052834732 -0.03689946726 -0.0009874934066 -0.02454293411
-0.002901295582 -0.0402281557 -0.0006409110638 -0.02469084551
-0.002762696492 -0.04355408362 -0.0002638024977 -0.02481977991
-0.002635854146 -0.04687734678 0.0001399332327 -0.02492230568
-0.002519749716 -0.05019805711 0.000567151042 -0.02499331056
-0.002413481827 -0.05351632309 0.00101533306 -0.02503049273
-0.002316229478 -0.05683223985 0.001482473448 -0.02503407214
-0.00222722437 -0.06014588612 0.001966973222 -0.02500599363
-0.002145731871 -0.06345732574 0.002467544371 -0.02494895327
-0.002071039685 -0.06676661216 0.002983123239 -0.0248655339
-0.002002453172 -0.07007379471 0.003512793738 -0.02475762571
-0.0019392961 -0.07337892544 0.004055721257 -0.0246261823
-0.001880915606 -0.07668206581 0.004611098192 -0.02447126513
-0.001826690059 -0.07998329251 0.005178101877 -0.02429227824
-0.001776038579 -0.0832827018 0.005755865267 -0.02408828932
-0.001728431005 -0.08658041209 0.006343460194 -0.0238583567
-0.001683397217 -0.0898765645 0.006939892358 -0.0236018139
-0.001640534852 -0.09317132144 0.007544106594 -0.02331849069
-0.00159951462 -0.09646486346 0.008155000382 -0.02300886589
-0.001560082642 -0.09975738468 0.008771443115 -0.02267415255
-0.001522059429 -0.1030490874 0.009392298448 -0.02231631562
-0.001485335367 -0.1063401764 0.010016447 -0.02193801856
-0.001449862818 -0.1096308536 0.01064280688 -0.02154249163
-0.001415645155 -0.1129213135 0.01127034993 -0.02113331289
-0.001382723281 -0.1162117399 0.01189811222 -0.0207140973
-0.001351160308 -0.1195023039 0.01252519774 -0.02028810214
-0.001321025243 -0.1227931636 0.01315077554 -0.0198577819
-0.001292376531 -0.1260844654 0.01377407067 -0.01942435823
-0.001265246343 -0.1293763454 0.01439435044 -0.01898750125
-0.001239626434 -0.1326689327 0.01501090787 -0.01854523209
-0.001215456269 -0.1359623517 0.01562304451 -0.01809413832
-0.001192614009 -0.1392567252 0.0162300552 -0.01762993675
-0.001170910763 -0.1425521752 0.01683121699 -0.01714832964
-0.001150088364 -0.1458488239 0.01742578432 -0.01664600334
-0.001129820778 -0.1491467919 0.01801299209 -0.01612154531
-0.001109719098 -0.152446196 0.01859206734 -0.01557603846
-0.001089339981 -0.1557471446 0.0191622498 -0.01501314672
-0.001068197287 -0.1590497326 0.01972282045 -0.01443862665
-0.001045776582 -0.1623540351 0.02027313662 -0.01385935448
-0.001021552111 -0.1656601017 0.02081267134 -0.01328209849
-0.0009950057501 -0.1689679511 0.02134105417 -0.01271234609
-0.0009656473671 -0.1722775667 0.02185811028 -0.01215348366
-0.0009330359108 -0.1755888944 0.02236389456 -0.01160652562
-0.0008968004502 -0.1789018422 0.02285871779 -0.01107042782
-0.0008566602626 -0.1822162812 0.02334316212 -0.01054285265
-0.0008124429861 -0.1855320496 0.02381808404 -0.01002113099
-0.0007640997856 -0.1888489568 0.02428460382 -0.009503129681
-0.0007117164761 -0.1921667901 0.02474408129 -0.008987788951
-0.0006555196055 -0.19548532 0.0251980791 -0.00847521968
-0.0005958766427 -0.1988043072 0.02564831539 -0.007966400319
-0.0005332896492 -0.2021235084 0.02609660882 -0.00746263643
-0.0004683821253 -0.2054426814 0.02654481941 -0.006965004425
-0.0004018791172 -0.2087615902 0.0269947893 -0.006473981503
-0.0003345811055 -0.2120800081 0.02744828745 -0.005989379712
-0.0002673326616 -0.2153977209 0.02790696235 -0.005510587786
-0.0002009872929 -0.2187145289 0.02837230617 -0.005037020155
-0.0001363702835 -0.2220302471 0.02884563348 -0.00456861146
-7.424160887e-05 -0.2253447052 0.02932807661 -0.004106191649
-1.526114932e-05 -0.228657745 0.0298205988 -0.003651625747
4.004159617e-05 -0.2319692163 0.03032402582 -0.003207682125
9.129128444e-05 -0.2352789699 0.03083909529 -0.002777675315
0.0001382823367 -0.2385868485 0.03136652277 -0.002364989198
0.0001809852254 -0.2418926734 0.03190708282 -0.001972609776
0.0002195428881 -0.2451962286 0.03246170323 -0.001602781846
0.0002542573712 -0.2484972396 0.03303157041 -0.001256860859
0.0002855674673 -0.251795348 0.03361824407 -0.0009353748899
0.0003140186999 -0.2550900793 0.03422378015 -0.0006382583306
0.0003402274984 -0.2583808034 0.03485086091 -0.0003651810429
0.0003648417301 -0.2616666839 0.03550293241 -0.0001158814772
0.0003884998985 -0.2649466133 0.03618434974 0.0001095789223
0.0004117912563 -0.2682191278 0.03690053143 0.0003106933486
0.0004352188286 -0.2714822946 0.03765812423 0.0004865305174
0.0004591669104 -0.2747335605 0.03846517968 0.0006358659222
0.0004838740371 -0.2779695462 0.03933134226 0.0007573566393
0.0005094117808 -0.281185768 0.04026804693 0.0008496804534
0.0005356690538 -0.2843762597 0.04128871838 0.0009115763607
0.0005623409885 -0.2875330599 0.0424089564 0.0009417695158
0.0005889209934 -0.290645521 0.04364667723 0.0009388329668
0.0006146943701 -0.2936993872 0.0450221584 0.0009011192299
0.0006387320723 -0.296675579 0.04655789844 0.0008269741747
0.0006598840251 -0.2995486267 0.04827814882 0.0007155124561
0.0006767732513 -0.3022847156 0.05020789697 0.0005682819252
0.0006877953686 -0.3048393709 0.05237097328 0.0003921561489
0.0006911334625 -0.307154959 0.05478682998 0.000203716953
0.000684806401 -0.3091584589 0.05746543178 3.508382588e-05
0.0006667790147 -0.3107604318 0.06039970067 -5.966406638e-05
0.0006351724405 -0.3118567938 0.06355526084 0
0.0005873487365 -0.3123487703 0.06694792554 0
